PERMX
462.7965311791255
549.4547649098886
569.0634276170592
575.4880710664381
469.0640845765829
624.687484573518
741.1518277078972
457.5232943356377
608.3175306515967
429.1722270419058
480.8229427747174
459.46710474738586
374.7306120672714
315.26485655516075
318.8820706653281
371.7988751998672
349.54426289761454
344.1787863075522
456.01955848087346
496.5627945952077
470.44499751873906
424.8506519542589
439.8910136585674
452.25125532319055
452.2349519593059
507.87210293289286
584.1185740641935
533.8512542156847
613.4596550200235
547.0454289115307
578.2136863975263
522.6279321034247
541.10229716447
385.9660838766928
472.7353177766406
424.0281099134097
384.6746453515701
418.96955240894965
338.3237238531705
384.5284583034804
400.11805257389324
411.4144723937142
427.01852655327826
359.03488267730734
305.48024132312963
354.70437639378287
375.6721794758265
357.73249985736373
447.6070379217845
471.0717651350522
514.4567039332951
659.1205852939858
488.32047432691417
483.60637449903936
417.4140375470125
393.5166580506734
354.8429509850579
466.57447320483845
306.1264953409096
303.10811286384876
537.5303911081712
673.4336663115934
561.5351654998963
668.1816047588918
565.6206365286794
631.1884683769522
519.12328587756
633.5101362323746
494.42899437282557
501.9550631261496
507.44602470564104
421.21472951210586
411.3668127878233
406.71965103394655
313.03700174786735
362.00823131265315
385.00922690976745
393.2381271994616
459.7394426592504
489.05920218023897
424.9096890538552
412.10370547777876
424.36780762063705
492.22476421055006
540.7319853040442
488.3673065059691
509.1357345206616
554.8688058793866
542.2800416410383
593.9439769406599
550.7655667928806
428.2894491216455
449.433207504638
436.86472788409924
450.5394533421967
409.506941782803
384.2496993557303
372.0174270185771
353.69909940616196
401.510295239686
299.9504217002708
419.6907581652475
360.76930148765933
284.7858231404904
289.4181128980765
347.03797083578746
423.48349902846667
358.32584356638284
420.99865967185116
481.72952254611005
440.1830222129534
533.2992173259979
448.6412631897939
540.5211949992145
487.53729983840185
469.60255063280584
358.6997723912066
329.16875421301035
358.26038341473026
246.69913074537024
543.1380373182974
581.489258655212
634.9752361860244
499.50604494131767
516.8881981695208
574.2687544101254
522.2640484858947
548.0496307998118
561.4938941819715
590.2820656322508
563.044631826355
443.81566175711475
424.321914723946
413.51699955616914
353.6495849983345
486.5668245729403
380.5065723184484
474.59141266450035
427.72439446556416
438.60224301324604
515.0813503326223
445.88456693973654
449.00775082062574
352.68506797083717
467.3753349690547
476.2065553891951
457.1495361710746
527.1971883506272
453.97687017844254
446.5287777110061
495.8163767422433
526.0835024272628
513.9106923155651
468.0255320069726
508.4271801386297
505.43613994227974
461.19264927085004
362.3881590746653
326.5810151186292
334.1121449686557
318.0117080914321
392.6107311443464
345.5851613155923
307.32628475843524
382.6328066758974
322.924613097951
414.09663315230205
363.2851089189633
409.6018498702951
412.45787114438974
428.8532989685754
489.04619337847885
563.4998402591376
637.8888169149855
435.1651655744266
366.2122560986528
278.9141420852695
288.4773865402578
265.9004524959829
281.3594406102471
468.2627874620479
591.1462803131651
552.7238999062907
591.2187001681289
657.7862299201198
497.9129437518371
686.2585831033833
550.1998907905521
565.5111712483236
589.4913226371733
549.9309363119544
517.2181039213531
410.44649731908555
457.955537634033
491.2059303754628
460.78315374486726
408.32069385208104
396.605250588169
502.5979518541426
502.58088894332184
502.32220177090886
363.23704947825524
386.92586059999746
400.6876836161003
400.04620382509336
488.7162963269703
482.71687419984266
541.7644159336782
507.393278432908
614.2631995135775
580.5111450464078
422.00965798731875
536.3554530748722
521.6401852924548
628.5914357834655
585.6416009514505
512.250672523729
360.95370171096414
338.7803966580051
445.7879765118447
347.4981356658168
367.33845728529855
348.84871609996975
355.4262772142978
389.47313893769376
393.5715613893312
403.9746692018491
343.9228985053081
312.67849809146327
444.27678151453415
441.10189359744896
432.9501740919098
494.35285817033014
437.78234165426767
441.3794118968461
377.73636303566775
304.02854651272645
289.1345208835257
345.9719491671544
302.9371475004353
500.0152260207312
502.8541410418683
541.6347330561636
552.5697390769931
580.096808024764
579.4271829943918
641.2173634595564
660.0047289034301
604.643180655909
557.9861548629948
494.3814078722541
554.7433642240909
562.6860866046586
488.3191070315003
468.4635981778934
424.6174092672104
475.2829210572871
460.9747872180325
534.8044681508442
603.6472474960464
426.2729419900987
429.9251397814249
370.1397918149627
346.8870248034918
376.641685817328
383.5625459702309
389.90877441279304
388.4174448273231
484.6191137848136
582.5424160255176
495.5892704975743
516.2841282084287
520.1477729737496
499.7045131358061
532.214737597154
588.2752790530517
483.23515571175653
493.27920377872874
336.0958039080843
440.7983215078948
327.593136203613
346.2294826979969
295.5022349204134
342.7354271136695
322.5666398230611
389.234932146179
312.6431517852415
428.96453649576586
396.2185844882807
424.8265636052042
355.1841544843269
409.8532812316433
512.478777295491
424.7235344175715
431.3701550741958
302.6071561648188
388.31291633959995
288.47072278959536
329.9669671814204
337.6297058119672
481.57021685315925
488.31124515716544
555.4149821877751
554.277187462646
589.7802441652585
667.5271075422463
674.8493629720724
668.5629111217049
777.599414353713
687.6001557354392
619.8481322186303
566.6740099344007
499.77447666497744
397.63781165633543
378.7609055725719
435.02095398108355
416.6602264546732
511.92680201263903
422.2469362968948
475.8103735670803
452.43031442054405
421.98351529878454
396.76659663508497
386.05646841658984
395.57603537736367
402.99816698015553
355.75783122163034
440.68031355633025
418.0871275837919
476.91093291275376
412.0677345153032
508.6681808799128
406.27039481281565
419.64390230787524
572.00581076027
568.6437274665877
510.80049846014043
503.3214592658288
465.26761212906865
473.621841244961
392.3335418223951
393.375784632627
310.1325696196686
334.67954770458425
349.0287335841231
426.22818568093686
419.60410097134957
362.0926252671054
318.0156037587172
443.1973915837374
422.21339011044614
382.1848339145917
413.39592089993903
453.27622143640656
330.4437010497405
326.999976816599
366.02696296822296
325.87698059160533
324.59000082488603
322.17568424422154
609.995451144873
564.7265321047649
686.9554891852388
721.3940351508072
683.1168989159302
749.1689308932368
652.9372305995271
776.8268645567031
624.4863675850578
520.5887069755095
659.9954889019056
544.3968039582137
503.22915857443155
443.820943194914
394.97009572109624
482.57953665391517
429.582497080141
505.86832087730136
502.315520930053
472.60958690505936
368.8353358002214
399.36722618864707
361.1673953903861
513.5764250808908
440.8782454884739
347.7939302751248
458.4581446676968
431.4153003231082
400.10390865073003
448.90749858344674
377.7386105737143
440.6399050243368
549.1369697946966
431.2860676591512
634.1667928228931
542.4470896179314
719.2989089138553
593.5429032621223
467.37042755380185
560.2661843542096
415.1944667280534
501.38616870866343
364.7344483388376
258.34502558757003
273.77647807091193
336.95680598962497
338.1078069158823
404.2546386105334
414.0545320174791
373.52944992801304
359.95779915162575
321.23156520917723
362.3569587973602
395.5238287196579
291.64349534436076
282.71674631542027
307.13101023665985
354.1067424405573
333.1590488071897
404.25065005181807
488.0501661220118
572.9377087085678
603.4148880378265
574.1341041755736
609.0738349401717
758.8886041321144
765.1669153296777
677.5805915522394
504.73450078233026
574.9404671236172
514.3430987155494
493.3270295158501
453.7787752058733
417.3004934168522
359.64498783982395
395.9770559279363
470.131761954995
398.60232273717986
438.1026965927214
469.1662109438471
480.6390391363704
468.95377367696096
456.5992995324428
441.17739464735655
485.0312879044865
383.59248419526784
358.32647063715774
430.02988230259683
423.78226610651416
446.78296956183203
442.0650751116514
445.92608072535535
465.67587737021535
458.5300365409563
583.3320043560013
579.4312389988689
606.4637758168569
602.3893517791357
613.5906426388011
663.3604449505845
554.74122846625
420.0996100737223
355.553560378363
289.0768443000397
251.72393726921575
259.2444658208963
317.73879631041876
354.74460215082325
353.8052073637744
314.23615838728665
308.44612723232797
331.76213457123447
386.86776804343594
300.7554572019331
325.33258580115785
319.4686669517812
289.94949423414675
341.8235266707195
373.6213681569443
377.24724697235297
548.6774247159957
523.5995894790451
539.6374903719083
444.81652776896135
559.0634651087282
682.4191100760711
717.820113961253
735.1271665782069
597.6892678966366
542.9418912853239
652.6539173248749
640.1275798480385
493.2866276866104
532.5555439333764
471.5519611852939
490.01921273536306
502.8326696284638
522.496429331341
564.210100078396
476.5775456797996
446.53549801968086
461.31405115192484
480.1894194919741
410.0289573962254
437.10653387677723
449.87119119478564
353.1956137318689
438.8126032185996
485.229948889944
399.2665703786296
433.3710329011595
397.46571945074993
443.9228561826348
489.61188214958446
572.6169534115566
525.7779366877953
515.1390426745702
497.51106621524764
532.7501752861122
491.91458810045606
480.82428908084233
412.1541335723088
425.2878994261423
354.61537449850647
237.0205864450186
244.73916236470555
275.74209763289065
332.7773840309079
353.0088756141258
351.4856727123731
330.49852620736567
309.03494156403485
346.2710500424249
318.6619426648731
267.49195737601036
297.5157307326366
444.3514262838134
336.80918386361043
308.84755325616345
390.58028361795897
678.0408250054785
748.5608526345358
774.9313927880767
647.1515487039946
674.5140461718022
566.2737111974891
555.920445288723
544.6449421157625
519.5393481399277
652.2383091647912
691.6333678705321
597.0745619604148
557.6979736590066
526.5220968399547
579.6624781923806
627.4242835122575
583.8630780818621
655.9699631403607
486.58249227694006
611.3269974168392
511.67476572171734
570.672020667287
575.2705776844136
401.0735311709289
497.0889828447659
421.11994580316605
377.09675534588706
405.2227779960406
434.6286116061875
424.18664124855604
456.6018564956799
481.2441838391862
437.4293031761821
453.76368731243514
537.7942219967027
441.02794906356115
520.5019841211422
484.2225426959226
513.21830476351
534.691235293665
389.0364923940074
484.07664421703856
418.0416212766801
288.56958421922644
227.39759382137288
249.31097180242247
264.15934483862503
311.9309502453841
271.94762701028685
335.40541695863647
352.1949825726658
310.1629641007964
339.531440174629
282.9365025915646
317.0153197510711
307.544502391633
333.4628283755939
303.06493818836077
370.72711393145846
339.0055232430214
637.0209222441198
673.3700298369974
672.399730008283
548.9765079639011
654.7176015534232
534.5860718708444
572.6750769820493
624.0821435437031
642.8960197235026
650.0618420633974
583.9754825429751
720.0318880588509
463.10471739833326
464.83318533068655
529.7478560274693
588.6315875960435
501.29790744308843
524.4900724437874
656.2891701682422
592.604660734681
612.1106090966545
608.1621253763847
516.8684792609013
402.999643769644
317.1340642218323
356.66408484168085
316.7986979735979
419.41953674961866
478.3179601739602
514.3315775591753
467.62666350019026
546.256775503167
472.05412470664754
462.57094972593643
428.0165658115741
480.12707094391993
571.6097481176766
474.3637346051606
535.5852102438073
416.40802962654357
418.8496185954396
446.0629787451826
350.02882211745884
319.1979681147184
294.4785455460327
304.4255018775781
308.56662982224873
280.9048500303154
312.2171221165089
330.07334917848834
352.565228315394
378.28383496635433
358.40222886041266
370.1562448943761
230.21082050885255
251.58653351410544
272.7788790132401
280.4441229641835
283.3110753097109
303.5133207557043
694.9236615252679
657.1028163998341
632.3006543900127
557.5303269659776
596.4751016922511
496.5216064196991
523.4398112677311
579.6645070146049
638.6617681998098
627.6087733702905
552.0454887292378
510.7032513034566
489.51969691168796
469.25472749860324
555.7655874253672
463.1235198315465
476.61274223116493
450.768791220076
448.64644502630875
550.0092795536971
639.1917579193786
635.4888212532683
504.47700047337264
432.32161914007276
413.7285345070737
397.85989671204396
364.5673835246257
409.20408830592174
456.9919610320549
606.3682652938172
518.6338537028936
522.5405037639681
519.7386816635998
460.96139609497106
410.94829349482956
423.09874858797076
397.47029629486076
486.44558722705705
510.6455195642451
457.16921688223124
468.3827717575276
428.228293754908
353.87034889854414
389.22103670713653
281.9222997019157
274.92587063469387
266.7318909087098
345.1669109869277
325.60427055580385
291.2502607038428
325.60119360998556
307.14229750868856
327.4688709423481
350.9110245426409
297.49500948361685
327.47517477878773
304.23047329340864
308.48510186267436
339.60607738750855
369.34702527640644
719.2435250301756
662.2932939213058
783.1439317664135
589.2788493159796
593.3995799579703
444.68421453451947
414.22541237968346
598.514049953591
482.13350161245546
577.2168389591051
570.9493204855994
734.2837248191763
556.4341584170573
561.3791365586292
569.2058535601236
456.53282351400253
407.9202929899098
549.0991081059259
490.94725578603834
464.8819953776291
525.7221808941126
581.0172810260344
627.0993618953626
516.0068290567034
531.2127764898752
377.02707430422583
427.94376638549625
436.104393795607
427.0388531189103
441.02162035790076
587.4748872509792
481.8357556175973
495.4418546188004
460.007916905882
455.4046889912019
466.0412735251349
359.4945977761743
442.5672808461778
544.1045957644774
494.53491240683684
452.15376046286656
465.9535262149989
389.0107584811939
351.7177649985622
374.18802061283014
276.93463399980084
278.11675290376036
334.44125706805823
317.5213467719346
344.7352909781362
378.2324675094949
265.9172047521806
283.18616267076055
321.9242115551815
337.7252009951533
343.90339862978954
250.82337345238517
373.50513395231644
361.40436278998595
406.4238518021092
658.2998324798986
751.5746207459545
858.4440445038488
708.4181310863153
544.5225741458252
559.6872244910801
561.6177172366283
537.3840415090747
555.5874375369921
480.17597437646066
622.9822330487636
544.8834671189435
622.7446106562093
481.12528309215213
531.3347569461778
433.5502038452128
452.257428594958
496.80182295169163
475.89264829311514
462.02566893329924
526.729087026199
496.85625057261467
499.91198353671126
447.9366203617447
551.4798492786457
459.4317271423755
450.3258356645448
415.90097871829835
350.8121692883639
491.0419440943435
505.1072080941105
549.924969593665
530.6976437854069
456.0502040248822
395.9282052721979
363.13027348254934
391.6043132407251
438.31588540858843
448.3781673983466
385.0852352329339
452.6921437123168
380.3615698740055
361.13617381862633
441.2082781458917
337.66078605683356
265.1560445388273
308.199977536531
312.2735136207625
238.00900283646018
388.125270644414
402.0967372116995
362.9085593808553
343.13343677070543
259.00050202030616
280.2988905269366
342.04612623487895
359.6179255727195
369.1933534893127
393.1802979206748
389.3277173494934
464.648729647081
713.1398184519312
689.7164009594348
693.3129607070867
633.9382168973663
632.2298406823624
514.5076633935454
577.9243628567399
481.6052764410996
609.2443994918779
533.9005843505912
548.6601416493271
664.829422344844
658.6870266053135
574.003503523261
477.9203563048819
370.36696076685985
336.43052023197174
488.5203115278928
412.11031155312526
404.0933689413391
465.40100020701857
531.2295099558851
433.3328112616565
448.3835031302864
381.2620370448981
382.95475536644733
376.16083327365465
424.1195402297409
437.03907168980163
527.7883494348517
498.2017921142737
587.9726892698752
511.7899310862396
393.6761551203315
409.8078392191719
385.13766815700126
342.3580091777976
412.9934631038264
436.59646612332443
392.0822640327822
423.30759935008587
372.14648364348966
449.8260039032
373.7505887670087
314.8772404466308
297.8456948849651
294.55709344802705
330.6312314761945
316.13411876026004
310.54901586695973
290.44169486406645
265.335217955922
294.08931096506967
238.4776272860898
285.5119829445391
403.91114433257593
362.60765154962564
437.25021254784025
413.5990267200162
612.8716292142996
632.3736893332814
603.493035325755
727.1203447927401
714.8466184278205
652.5625521721593
549.3647715900509
556.7265579014914
576.6130974999523
485.60337991145036
535.3700553338475
435.932558916299
598.8933287281042
665.457983097139
493.2053160883289
441.1798652476841
429.37100125928674
397.9397930111244
348.54080121334687
466.4911970939856
429.616027302538
395.9053687919284
451.4853161688276
418.1093704106333
458.48044919898825
415.4806529856622
352.55523323285223
344.69632085631895
400.9188669388709
486.09821890787254
484.83202948873145
468.9749474178361
514.0283399372927
514.245897055738
478.85230041642666
411.041348886872
360.4377446017539
317.9008685304495
354.193757156495
446.80408055588697
378.0941542800772
470.77063458406315
434.35974661673276
369.1605336590503
274.04586968870797
339.10033939464665
282.57528198829056
319.3008781653765
283.1603939024544
280.76429233037373
347.4672444546909
363.26133268667024
317.75603410768986
273.02339841717026
246.08253800413198
326.1514030213552
318.284297283459
336.5501761985364
406.913665962874
437.8721400210485
659.4274773500242
635.3576063600834
629.6637835345031
608.413348208109
664.6153817332371
588.2341012247582
594.2226019983137
594.3890076225736
742.8996685494734
586.9035521852684
610.367051515448
488.46953248079586
645.4211180801258
549.0130161155632
526.1853357437587
401.8572134093819
379.41794319843916
446.90261171831105
392.58419744473247
354.6181050474028
353.82266808159727
378.65871073146207
419.2426838564701
453.7258903715464
401.37195461499385
405.95814168962573
334.92433813424446
348.5738618762191
352.85187453936203
495.8713906210813
535.8934746529468
513.0555890390114
504.20233709654065
517.6353568141108
316.7388286775076
360.5112994277157
402.95001842669444
378.0313013517225
369.21519192203664
410.0606600105947
433.6700970510479
389.3621938452891
435.31689059528037
442.0890577925005
320.4007640926881
282.90778599394343
275.274422473751
286.8464485184012
296.06727236346546
287.1588508717489
368.74511127248326
369.06118747152914
314.4287970402241
292.7597772878839
277.3012609908607
350.95978701719565
324.2618440323286
365.0602469140226
342.6519469319239
456.39830311346736
547.2026450024684
637.8597936341007
676.1236679055229
741.2011159432554
760.9898347351502
627.4089118056154
598.5538524613316
580.7428152084055
631.9820551539516
561.8630854400318
513.0056711587421
581.7213191624078
494.3904056957575
517.6806518894628
478.0128667422537
511.9203517755704
492.6513386459253
506.10846296359944
415.67368234291433
349.3055358156601
430.2548037286348
381.75194918278146
452.92986948532115
390.7691572612505
300.3449958213833
302.8413133487285
324.45767623155956
361.6027559383856
371.93397427048757
428.58395649956054
504.42438626610175
498.4717909813298
453.47425573747273
393.10347603049456
330.4913544671605
250.91995904269757
387.62636544223994
320.39672706849393
400.692549997569
381.7351142930345
409.8314489288604
376.61505819143827
457.94287533847455
369.30540221216154
387.4489507054721
302.5457331467646
286.8824930391072
297.48105729485343
315.61019752527085
360.6854684437707
353.872702144189
237.19403043340776
379.6315397172937
297.0056166787072
386.14281960161236
358.3959568762875
375.6311583136237
409.7932810542744
395.49568622287705
397.8283019229133
441.01683529927897
592.3019171106291
535.4778093998726
597.9236080173147
570.9920861912597
639.144779051666
560.5745276262971
536.9636492791255
497.663626494445
389.7452790110516
387.9857840866042
492.8710608612548
481.10591818922876
432.3222243907634
483.8200306171359
493.86862968003777
469.79341240496956
618.2361473974507
497.1580581578285
414.3652391222738
552.6534873668165
615.6945622126149
430.4268109470377
394.70178102114244
415.85784994367384
390.3989480534161
323.1145486060197
355.80577281938
381.52340546654557
460.0967990211641
401.63272836911415
525.2458296759419
444.9259883414534
357.1347637342134
315.0313475796171
382.38044793768523
265.553545947769
330.6136423625545
379.2980471050697
275.0481023481769
398.07125224402563
414.19857765559556
338.0329074285571
324.40566983448366
364.97554451170254
336.3318596296723
252.00161595230244
347.26104910321743
389.6350064436491
338.26239132199805
357.1945173784392
343.71399442366305
369.2260470082481
390.2256591512705
348.2850835457663
371.25663054080763
344.6831709425145
383.35344633011164
373.53559453800375
371.34954913855495
511.8945516400097
575.6915420609396
507.4003819885305
620.1606144161673
747.9087660394712
572.8153995647242
551.3486126922909
677.9838719682389
465.9396643037907
403.4482062876724
329.81998314599264
437.768704946718
437.39562241656336
401.8573540594311
373.537032652811
489.1995823148501
524.6547619528139
587.7628204836132
649.129672311795
486.1460290187258
476.30056784195284
440.06825945275654
432.1904510472302
506.3231997160334
376.8553022077099
428.3641064788268
351.00155371691994
307.5341690699534
388.0997328418086
364.03262764245096
310.0246932648778
338.35569695578005
384.2967728270925
292.83130723850314
330.7000926000651
302.68448217119544
306.4831719641536
337.77957912983595
280.5403317972316
274.1216538483544
326.75571735672935
340.01556636885954
329.63002857537003
428.3224286789245
411.0168207262434
327.0544595510224
318.44731649131387
338.2735203377438
348.80915889849973
353.40112738822853
444.652620843456
319.21249195268257
322.5500441963684
323.30210639320444
305.5587292784718
344.41581777578074
326.82274182748364
391.8751170189142
382.61861126209624
372.1829557859927
580.1232030300107
611.2820665337592
654.9582544892627
588.1723398866569
600.9153043127542
507.9816119629343
549.5851659970789
562.9374383335996
545.9777095982963
575.9837796675556
400.3772129070379
359.2430396133599
403.66036027802403
395.65421288178845
402.4532839894042
365.0934689080694
543.3355853825678
509.5589512034965
572.425588178575
456.62710727652166
505.10031342777637
324.34833619934983
366.20623195658857
454.06061393517746
476.3905971567771
411.2173184059262
370.93737580866673
384.07544321638267
388.31876049296807
338.32100035815563
360.58247138266364
336.687668195396
344.2708320209743
307.8644688721862
260.72585726331215
315.7624530370025
332.07730891933625
274.74502891526686
307.8013323444926
246.14886618544506
244.7263138959565
281.761508899873
443.7334968939873
387.11251995184915
429.7271618598569
333.17898897296413
319.6666391065013
345.2765016166728
345.3550609565768
337.6288786202012
406.53366813562815
340.45855495926475
365.9066879721147
301.17923420303435
326.12229530758646
367.00433133953163
428.9282047381962
405.3811882476173
367.10980518737165
399.1804558710651
554.2909614218952
605.956680990367
709.2144861252673
592.5237757190187
592.8619069758365
558.7422636414121
554.2851413973558
612.4834979907378
703.4198924052237
505.6969617200686
383.9574349655786
451.4789954186469
477.130648685111
390.9718333802957
471.8076823944138
513.4944648240499
480.70397785706933
496.8759016259216
491.6667256146469
475.18445263772446
404.274962619115
369.5717674202749
352.18499798644206
383.5162335889713
436.67868497855795
420.09284652444654
463.5970740137831
476.7710754472303
386.361824662394
408.7859379758348
388.602375541079
289.9837972883004
311.6516943662288
273.7189910468658
290.39290475781314
256.4693078637415
285.1976788977971
325.56677938264505
251.10269528080062
250.3699189448172
263.15718098786346
286.9442511422113
375.86380235864203
407.9712800939741
344.15445372752697
325.4142382584781
323.8427634489253
324.30781140658087
315.5401713921269
330.0683816119642
340.58202761553264
318.0048073122404
394.3126509700502
411.7547581867141
417.72891774409715
362.64407731767756
467.27016398472875
491.9216471254436
398.2900246266976
452.1279658266309
545.6615435884322
568.0519353406072
738.1591856104442
616.0027944696903
566.8043316061448
535.8850343971881
566.9269446431931
705.1231722759624
515.4043302964973
562.3692991427886
537.8153039434083
540.1769926380907
451.69695435049357
454.08127416312834
435.7765012034783
521.3390250538375
513.104793429313
551.7748595807636
503.4812640267413
443.14868686677556
423.8662256893517
413.6854138291952
365.1085475797079
387.2291938886991
405.72655181915843
539.7470479021669
447.91279076741426
463.8402016900392
442.5651122718145
388.4563273595886
401.0107460190493
372.9615756521222
234.13889321077164
222.16370055026346
308.8950113285942
242.34140586606767
308.34531267237355
258.78031574082604
307.07468757432844
246.62574867009835
310.1838077523229
261.4349512053173
294.8466232654817
378.86922774014397
353.6662953360045
284.9223109641073
276.0588313313306
300.7249320722038
301.2979523311044
287.94829996184393
311.142606847947
274.646001183164
304.86906824626726
370.0973022058127
331.36119367774927
368.869934177358
395.0263770447119
440.4652039111522
526.00433281781
529.6203081011244
598.1768822923524
533.062591644471
611.389050256205
608.677456908674
533.5779656556383
602.7162366619833
694.5200281447727
615.6773230062227
740.8120874862902
689.250654854044
551.4132621071268
513.8738205461821
450.57998118873763
382.60615722899
552.3566540247251
433.2841290550853
537.2586038468654
484.95252521903404
507.84668457024065
401.2052673541599
458.3476008154709
460.6183610856972
462.2729881405635
452.9842469800965
433.848176862224
548.1664600292498
427.3586754588576
394.1233888734114
389.6764658139341
369.170741088923
343.6918599551599
277.55954867910606
226.67527800977726
190.87848091627203
241.79409092011238
239.4092666054843
228.0503641601751
250.31559456681455
257.0642362083935
273.07691624783604
188.06807531012234
233.8759858800969
272.4916577845464
240.6206194516312
310.15688496627575
240.31342287387477
292.9390450493328
228.6705908357932
261.2611547564899
269.5520480762618
302.25541349864505
294.9542766735473
393.5012738176522
424.4563399789105
339.8984851703419
315.05825240551997
435.52521779468594
385.0404909282943
545.2409734164003
632.4245974642976
712.1670466675282
600.9026852238643
613.1097760992861
675.1942991202314
661.751097773214
703.7892848057569
661.2648894198093
582.693314051719
705.177468850619
607.453725319582
516.9421124201693
572.8695331777561
476.95299831209326
433.3739148281105
507.40233548376193
627.2661925131151
429.7373894880175
476.98655313580144
544.3061150052738
505.1795193665052
450.48505398763285
507.53483553068486
455.09589273075056
497.2497674192823
506.6036285012609
561.1657968965945
407.37113315059906
416.0681795577859
354.95213521333113
382.64794010266274
305.9597171542873
292.50812673635943
275.3110364067125
230.4042788392034
233.67306960275738
243.66820881798003
262.021221874027
215.16689869852564
250.99637580408742
255.24694798256772
281.2983922356228
268.00362324758254
289.7637396275439
233.89481365476803
255.0254897584925
245.18413507725174
195.00437612917253
255.90710307246533
214.43764568488382
316.00026430664644
327.64852050451447
369.15678669864974
366.96926575095756
383.16779488911834
379.08477090269787
410.7708720039683
357.69080856411284
407.7359444876756
614.4158628862949
499.34557942924323
539.215524008176
560.5786478642168
798.3291651046512
602.8196113606981
555.5909377488741
498.7588687495693
623.2461218989798
549.2542230540879
596.5189442234188
593.7070405658109
535.7355701143433
587.8574579158201
518.7507669491459
592.7685385784421
532.4748412560931
422.30043837300855
424.54503939769825
470.61379993872265
454.76613599942607
451.96009927707183
470.7843106696417
524.9784163330809
511.17804286559476
409.975919480863
489.3537044562424
505.53008397836726
481.2349199778125
394.9391727480244
361.05718392043855
334.23004052895453
403.967130296918
331.3575984283022
319.70546497747404
259.92041811782553
268.5914629293299
251.61735475222318
277.2779686632289
285.9204856609457
253.6945539807056
242.17352145047136
230.8054158700281
258.31880489819554
242.6359083038978
209.6869071794672
287.4929246438095
244.86082795979664
232.3925575143428
289.2566915655581
258.5069294571922
305.38060991917547
336.1907475756865
342.52796362846095
407.214282694253
352.9679819046997
373.33117710770864
399.9349064538439
365.8279350336178
390.8961544233226
479.14032088934437
550.0832057685991
588.8788647874092
596.6776393681007
622.5920569151945
634.5842118883821
519.6697428999415
549.6813518171424
512.1264411898723
581.7253912258942
825.5971973178997
599.2791402497805
570.9671058339383
706.808311701962
651.7020637166748
552.2317803027564
477.98660065689353
456.5091757262277
369.03199588614234
437.42501639001625
448.83805796478606
429.0622872012326
417.9594005764459
440.9137376157747
453.7376420242902
439.09990007504683
495.1268785364911
462.15667177921785
453.6552280670908
432.38623443431095
276.6943590319109
310.9370717296239
344.10687766307035
308.2438837504767
316.412075353718
274.6767632579405
249.57463281991753
264.52202019814905
278.68580491973427
230.68831183913525
288.1485224043955
254.72575606049466
214.5938131289948
256.6884262028708
208.6860563666662
287.8415917013931
263.30090404150593
284.39297599570745
252.58441255607445
252.9568700286288
296.071935459727
295.8255137684141
316.80967523866263
299.92123794405205
295.8387670483023
415.16829576969536
509.8211867381976
516.5371694212851
462.86246124074887
354.69903813308866
504.07599982158587
473.12231540566205
580.5152086386457
603.881810012517
633.0624028584558
556.3952093892
543.5874254396688
595.1238290839765
631.1840500731375
687.4172784177753
589.8297877865715
667.7654572625321
670.5994406982882
644.0829357286602
592.3495993341403
578.5801008173725
462.60333082574255
561.0348080315794
460.4107611250665
458.4637608143679
427.922498108828
424.11731360799956
380.13971264365676
556.2166630005111
547.137531762028
560.6720480469702
450.9573646996838
459.14044791542744
413.80806904979687
328.6262214849491
257.5433357194367
298.76300987610784
211.60746961519314
298.87240703795203
247.01362572870667
225.27063463606535
226.94994805058928
294.193495849067
277.8530842282681
269.15892381430876
224.88226531798927
272.8686380289838
219.37432120650905
255.93128743639875
247.20043863613907
255.94114098064466
338.6889891016863
273.07787201871554
238.13148997553398
292.76766727019873
256.3759700241964
241.07160366375084
354.1921455785663
372.95987868081363
349.81902523530334
353.2552028581068
393.5957648166863
512.5824622395168
546.9311357103576
575.1759534574404
484.1161222770705
486.7209690259626
629.6439494377106
565.4270577176993
537.5531560022779
519.9482825527463
478.25635678803275
586.4210224811396
650.3781740910872
686.3690796299943
640.1768715693938
628.3670686927994
643.1210727123814
749.3892189396757
721.5935281801667
659.2867046116346
566.4659937605587
584.0940415992683
532.5059653201565
523.9979646197271
477.29700542353777
532.0711388261487
469.11136861938405
540.8226466208529
515.0276301493386
521.1697216348634
454.91004677033965
377.54735328960317
377.10256268063597
351.1713742362345
304.9098319656857
246.1936693560558
275.67937344082645
264.761918126767
225.8508893763277
235.47023151260905
236.24703121283085
240.54146828891186
300.6904108315589
309.59085401995344
269.99677108974623
257.842775016081
311.1467450721372
228.56256950367273
226.6276811992352
280.90091738994346
281.2983922356228
370.83820041471654
292.0957326272736
321.14882661516765
343.1620209765041
335.986657717276
359.1205945331053
420.7972810417754
378.05921999421037
393.7404791850448
445.37922042645414
462.7171683795827
576.4496508564675
600.3456063685745
474.51833121436647
519.0811347781043
622.9953158130264
431.03480892084804
486.3565515115579
480.3069122051629
645.8866345047668
589.8524966705448
643.0828081469373
628.6420394308157
631.4978265130105
492.42895677301203
589.3448522431978
655.6027227978952
684.1984451275008
674.6958522045086
505.88337068371237
483.0207435312336
599.8226330913299
678.4420047906937
560.4974259028143
528.9373003629853
478.7718599871422
460.18086638566507
423.2316012935521
438.54314534279496
329.81721266977013
305.74048381164795
353.85400046607674
330.09911240878864
365.2026116564974
338.2636936347115
353.02061335437895
269.91456958876296
318.8548392992893
270.31542016759767
256.4405849097763
186.98118559473133
261.19349687948124
272.5546106282683
291.85874931265016
233.4033330102347
254.6187937066159
225.27773077282006
275.8849690399641
317.01043775273854
313.72548439291234
310.81466435816316
395.590462298447
293.81060233455173
287.44955960701714
447.56552429424136
442.03242981129677
361.76010544232565
320.1784670939091
351.29922388368044
504.6172141135869
568.6449216196692
639.8990950889888
527.6723543039778
449.9765408675354
521.8547539363096
463.61346246001364
509.5083035609765
516.9032139897814
561.8385044677566
721.9522492984863
573.5155210874602
601.9657199001447
652.7635723937531
624.4885532911694
538.2378700030957
662.9356986251248
742.3590344054753
746.8441284703863
734.720753638624
601.1235575434871
622.8950216410778
612.3977563030771
498.69917088596844
496.02362170690293
431.621005022592
448.1731037124378
452.27484084114275
319.2502570242404
333.1814378475326
346.7693980167194
287.0495215989515
366.5377069733506
371.04670716250143
311.0816288730416
324.4325804008969
394.79504033273093
310.83283200623924
345.1843078376384
261.192582703842
323.17290836322513
249.39650013302085
264.2980649054966
317.85803427443784
274.4922424789568
304.71801257073247
332.4515383000872
270.85049779461406
304.27945834279933
279.68053349929056
265.6093180482834
322.4276919212945
405.9219967858848
389.5882199331357
413.0821671046574
359.93373677704614
358.0920226935847
374.8472276387428
336.687432514111
409.0098402318665
485.6222459692308
494.81019767661314
519.9775824639851
509.1403676769264
442.5922202151134
490.0554019904956
561.9366381318347
550.6547363752484
534.0067343377195
496.87085836111487
599.5665635017484
643.9634694249245
579.6016168274477
649.9139698154338
767.4950270295229
755.525474595461
752.9042035607944
838.6387150834739
866.2036131178438
740.9728611525868
634.659731902949
611.5538418099135
646.7303901477721
495.7762916086467
409.15962046794004
389.82616539490414
429.1707249417398
400.0695031944754
422.3832173710064
371.44431106475633
314.25276620711503
263.8913591293685
341.8049832473926
382.1251795181645
442.19057309368026
412.9778088832959
362.0491586565774
341.42584142093153
270.5350054283244
281.5062078247504
293.9729187497731
321.2934082376804
271.273625586993
253.77003933840513
265.1226369819357
283.55411874676986
249.60782845354328
370.27338086019324
282.14933852404096
268.51908728312685
319.2324912417744
297.14057698427644
341.8540357819238
333.054586510028
391.02647746717275
344.48827326328853
406.53501986232186
361.59111251710453
421.82979361093453
417.3717159963083
478.0771159889963
530.0605524893278
520.2790488272939
534.4539919716286
541.8324929093868
488.69081043666716
639.616961803017
555.3144889391491
472.8883906130991
513.0372732814205
550.345685564927
514.8906510187511
527.8138422277757
797.5025243634433
552.3464079038259
639.5833827939791
718.2347747988583
990.7621545256633
686.234564473303
621.7036299457482
635.6868068557451
592.745717429017
480.806787395252
469.3685590371195
537.2907597365609
448.53449927456484
471.50575135741616
487.2936895792175
354.95822269465026
339.73768325589276
305.96539275968166
251.25302522567472
323.1303816068066
426.761090661999
368.1968818014202
505.3926237640291
335.7578951186511
356.6060424851979
298.1434659446674
284.53485236996517
334.5011943115414
297.33917780096795
344.218179823896
329.3999447452826
298.286668817272
318.1540979005805
283.4568763620621
294.74261972409687
315.768089447094
272.7349651488798
252.99848485647433
249.20453874253823
313.7210922668757
280.43430759164966
340.39183162159316
428.38974483781993
429.7819125878253
432.2102674336977
380.5328091511142
433.36178052837613
418.56971119488134
452.0820771669886
555.6555011669025
649.4660085856272
561.1854380432043
463.9678216828495
565.2313690124467
606.351287220083
668.2985467718527
510.91046010163114
559.455142346084
492.1386324135655
501.484450028985
691.3356837867602
636.7200009566122
739.8973793295203
744.3754167685593
872.5722860624438
769.8194447395201
642.8082704058374
563.8705478136351
572.2943746534099
541.4499317370265
447.4991104984618
541.6959683239941
459.11023746788936
542.6776243599479
382.0062997642342
437.12703465395555
325.4511423255177
359.51523335832195
376.19954221493936
334.7094191872118
322.9367068511655
359.0224423341528
304.6901778516543
323.5454827871491
364.10207348936075
322.3042579909919
379.5671027326707
297.4439934642392
328.9377259426421
440.50636730778723
411.7314411749856
311.7373324332467
330.83357355374164
341.6273762669622
274.42211866970166
325.1604653438418
244.96883539881685
289.8625369254256
278.0194290729082
266.457564957872
334.81041625362207
370.83300871625295
393.681143028815
495.3964246837264
472.8329476997041
546.1973186891491
444.32623227220006
519.7887089192327
564.8597668081038
475.4466366855124
667.2304576782602
684.65358841188
410.706065688488
530.9748464663122
493.32961948955375
766.7996080338023
585.8302079110476
621.853789503417
660.346699915848
705.8837049091147
614.2889991097447
588.7325465703005
707.692020669637
715.5950969871028
873.501197067834
728.1823517470215
696.3162922538618
666.1081201954102
587.10900438057
521.0912914937735
530.869670767224
447.1640591570895
540.6174974279877
573.2466053737345
402.8966341079668
432.91108045629346
483.545613175494
427.8044933574525
314.8713995279955
329.09652605542266
329.397408375473
409.3904761455669
292.67453805217264
314.8441800720841
266.8112554511455
307.0872625402555
317.3905707915638
347.17269976999376
409.64791423635785
434.8498503960692
422.03919969732567
334.50950676950185
358.3509272533513
291.25545956739603
346.0558748410993
313.2908524132588
275.80676673694177
278.7462863013945
301.8597030510211
314.4130602727482
286.4043432641615
375.7064986969282
468.45130116984
491.6651768669003
504.69899395916707
461.5672897855221
443.63100629432466
456.0077477272584
423.07164998096596
489.5579054150998
528.7533150822842
576.853306875191
432.91850494498834
523.3617722098276
637.1368706029486
584.0040980426935
543.8161607806567
628.4462479316419
711.442073785608
637.0387590796568
689.4074772158901
694.8677224220942
681.7148759683384
657.945104477976
759.0586142198592
642.3067542929086
637.1524806475009
644.3174245916491
603.9135146397822
629.809252669538
554.0812851046602
713.0225166001374
561.3761893258987
473.41716244347555
480.68429343221754
400.15760219671967
396.43280050148746
402.06940903252087
402.12212499378813
329.20642973287045
342.03774620744184
390.6293904580069
386.2673128036249
270.58045912724003
323.49667963214097
291.75733142924014
315.42555646892157
280.024332169789
331.27665765432414
391.32938217021353
430.0577276389589
409.2313156057111
340.20864800692465
357.73575523792465
417.7510391646511
336.09074570429857
290.0418578561865
302.3309565651914
288.25978361628347
261.3535269005109
292.8429914407602
379.8452564821031
413.2387755794442
523.3211085799292
434.22400869147685
402.56779441318434
441.5433485785134
527.6585030864758
505.8582289049678
463.5498590562573
457.52873889523556
515.1439107615253
541.1943464937912
447.2892826241208
509.9832336592346
589.8752064288265
562.5620280005259
463.48399330115825
554.1361695740579
540.5499514917044
617.6435431312594
583.6628473876071
764.8991537703185
627.7010386413073
630.9366744143059
622.2239026059003
642.228076534619
733.0332042691239
473.9163361009975
583.9243869237183
535.280495415486
510.0780228512231
611.3205785170655
541.1299481983331
415.62183444159956
500.1520989182947
454.1140146032741
336.9280311070985
391.2550718636039
345.3976113211353
337.856196226433
386.4520313593283
398.9701591518851
332.7561867866845
275.27538593591566
294.2875204026387
262.0432325811012
328.2459582225948
423.20493854255614
324.98695725455485
453.72192028737476
411.9903369213162
345.55552865852803
347.2662754213344
341.263719720447
408.77433475166515
370.6884491098811
466.4149553388475
381.89841732128093
274.6844543149861
289.82561079046604
382.1584831787453
385.2335215917912
511.16856060084785
384.35986032011635
402.1955262181163
470.13225559360455
559.1992781182253
559.170312345839
612.0099251829369
696.3942840460528
604.3406324629915
512.7238519793511
459.9621943913882
401.71774092383333
570.3445489208067
527.440625119598
587.6311763565174
505.48284439932297
644.8182537774985
655.6486165947553
760.0608531430371
708.0091377238135
731.764323727881
564.1775178859364
522.9821847974761
559.5136923903082
608.3260471566414
687.7060543134039
625.0177191659194
576.4980746609109
599.7071783473356
592.3558190375868
479.43975733153917
547.7964903503288
429.91144688378336
474.58310738745047
360.9272989133779
343.5700256056734
369.7318081592988
317.06414386967344
332.6485908350808
350.2145966921106
269.5633695000291
325.10652569705843
276.65078310205786
262.2248914788179
308.544274979732
372.0962100496073
377.80313383853036
335.37278359920504
339.43388983151135
347.02752515007364
329.0357146365559
340.0361549347159
406.1111111729782
392.7282099956755
340.4819112172453
370.4141485234575
265.10036761575566
307.3832990721722
331.0670920988954
339.08241841527587
374.42737166096924
479.9204207245297
431.05502492744813
537.9378591219803
458.16828448480015
709.5769873388497
665.150612517019
569.0779673733796
624.8143090051307
550.6757442541638
432.19468653440435
465.84997955084674
376.8298464918223
519.1678026079511
443.41212840528004
557.2507677428127
707.9546231190479
602.6128796905097
614.6460047183143
637.4290648385296
617.9224721544722
569.3530976956735
556.3985199505449
570.7559156204532
548.2386034823245
567.323733870618
652.0808126315994
700.8444744439423
595.2904870871516
708.1776639524172
620.1063527363889
595.2446514843393
477.45690283282806
460.71123110827557
435.24086913910486
378.9652453673729
331.61806497866223
384.33578092916196
355.68250747605214
386.01134105317766
303.677596254293
311.71027480710944
326.0898803624824
304.03929411180815
343.73264141365576
389.3541535990021
260.59266038495133
309.6840548930413
304.5135240131575
285.40058363139985
277.9367305947675
287.21584320058116
318.47518185059835
383.4201364623067
337.5505409283995
331.3127190811174
319.70468170004426
307.77655533452685
356.7768263407321
448.1964765492379
472.14467337110545
474.17948008802404
495.2473327993507
515.7778760344014
551.4132621071268
578.6509812210586
550.340677441975
506.0551472454809
533.6267102291754
508.2248917952863
347.6762393367956
395.20795313473354
402.11343985286476
390.4138693863554
398.08213367042674
536.8213996056066
600.9468531943813
693.847017272222
763.4414993144183
808.6243738300317
753.3048551609647
607.3282990760088
515.4095616769993
625.4488174873516
702.0646543510375
711.1632431470593
734.9007822758726
777.7926718194251
629.5491951537589
633.49018097738
566.7069346508314
563.4777514983422
513.0247040221996
465.5616378086138
383.9348589321446
362.98122094762346
344.20733712200513
386.7903248685941
366.32224615333905
390.0072076083612
324.5821620710195
326.4502782554426
333.34765353625096
309.4175316764879
246.5126966834816
241.34344451462667
306.06178703970284
267.3422038147905
277.54400577958506
342.2246695882273
340.32559781591806
284.79210273712295
341.60346318759105
354.5292488844201
405.47667284175316
310.061805441781
297.6981191308724
284.04580205518
342.81796774201143
363.9972089909266
425.0514413200593
442.9684949403388
669.5815734137856
568.6662177707516
602.7120176630937
513.3638227791146
456.0189200539383
551.5823513333427
562.2527882949472
465.4480778991036
441.09463753098083
316.27821390776506
345.9189157324637
359.9816111476125
437.1678860840971
547.7830695007211
588.7552132096738
749.6279374198077
639.8251910115489
531.8899728496091
686.3378505473383
659.3743955746677
503.1944621201218
620.4667392094617
695.3080605866352
649.6524320805833
688.1177695804147
625.5341970779631
675.804274934969
680.2323969472664
611.6266210473675
530.2628091681112
621.264240821734
446.18149111619505
411.85681807369286
402.2435634994114
382.3580984536733
389.4851348951096
422.88230434030197
367.0979844419594
414.4072703200541
296.75592512106044
328.19047293338343
278.9278092130735
360.9045612097916
316.41074642579224
404.731726938498
288.10334425814176
284.3436096601967
244.9105397534488
389.90484415215553
383.4087298829205
393.7930017616449
417.4882749731903
421.145592788808
309.5675581847052
277.69461425157476
281.72107902425904
306.7384714500978
384.1738559510677
464.40192734585617
469.9305651185151
572.7893370569707
610.6790287821757
616.6628868789562
624.8296171432248
594.0063443324697
512.0655017693382
603.0834026408036
575.7217666602864
331.0829671465627
365.653074501619
312.9551689218227
360.7378618130385
426.50261576163666
464.6861353753776
600.095614487945
749.3079146202601
643.9815006545047
741.4735574114177
628.7080503104662
587.9768050931056
594.7011437801477
595.2134019604431
637.7838928348449
682.4334410278573
568.9925267311954
696.7356008610259
599.5015140586042
520.4524346908438
477.09240819612717
439.1872018126868
462.9209476075252
487.20603332937833
390.41601471646226
397.660093915399
353.90317189554753
334.2061773559861
347.1222765974237
357.86161092340063
387.34847884935795
371.67618322946345
340.2196029017632
363.04347756536856
349.2412345856262
328.31443747161734
289.9911049720684
285.23671087085603
268.69865230589744
350.92416640658985
328.3931602945226
447.93975592906133
385.4637481268396
500.21757311323535
335.4718673534304
289.0411310621572
362.9029706320744
366.82659749204413
377.61448717704354
401.94749273457285
476.37492416395287
535.1665998449802
625.89773804489
540.8239716379604
594.8510273529171
670.2990794348017
628.6442396818042
575.8668668273378
483.6065437613003
465.3009962778809
465.4151718832374
341.5170313674785
336.6484295343454
333.00714626319143
420.57700925760736
521.0270970011234
680.6968140224824
627.2222854164055
607.2326524012775
736.3632182107106
712.7056485206568
649.8184394835223
661.839116522335
782.1468416785922
682.2017941989027
586.0906673212799
552.0806551469085
629.2540058085442
509.47674049924683
498.77178677155746
458.3580283420023
443.9149322303735
416.07516956191836
458.9662830706486
425.0129121532642
343.2583600763524
409.88993400012976
324.24391284815556
375.8964287526518
364.1324044553496
315.62069173880377
274.9508900272868
287.6459115706342
349.34013624254027
309.3436825259236
323.87019409266065
300.47064138968346
307.7223760412326
295.0428647436654
362.00164282279854
324.4422324137369
323.36253720397247
265.4169537897246
305.7085967421259
322.791611700429
331.14056403804244
430.28522381859557
449.0709306557635
384.19227752911434
396.9606569917754
573.7102626623818
496.60398618741726
512.7523858556616
596.4625758466373
606.1094013159292
679.972937782813
784.7682882452073
469.5918672963022
649.1046813004913
518.7295245401808
351.46574403971357
295.150486500072
329.5121409995984
356.4959751896437
509.4704994474026
443.0832386391958
600.3077857867341
466.8031507181242
501.7346277813281
542.684082262102
662.7988165369208
660.5339347445572
660.3212770572941
763.2838649211212
676.2609349422405
604.5606524944245
598.5329034431052
464.8204955579435
494.33694026457687
510.05642150436705
440.29627386178674
474.45754930930184
380.3625017609933
377.4853839778308
345.9396195991271
301.09986887468574
433.6247158500043
312.4703079180383
273.3264859844506
312.9357819496256
308.2408629752178
371.7166423839576
319.1239068195114
319.7932041943337
245.82256618077483
251.00779639900298
349.09433969974174
270.10735740851084
332.4931970877046
332.18460382385916
355.96321611716485
331.19805503003323
321.1394973772623
268.1359156761271
330.9643282724937
352.6729710804685
384.7073633214692
467.296658954152
483.8725279383858
551.2932325056626
565.6503323916065
438.5529688192731
466.98633686850167
538.6051542233411
684.4595166305401
833.3485649823813
877.2482328138286
582.4221334362131
659.3697799700532
549.0293494957508
363.31982246953373
351.22963840009896
309.3359954309254
435.952699465764
358.170113172638
576.617133805762
651.8549057706471
667.5878552730121
695.814429150536
621.5382787728636
527.3907843355382
528.6162006910951
609.4960693951257
642.5878249776405
817.0652851076509
692.6508165628732
614.2674993710237
506.22060371550214
568.4721935312061
413.6186131656807
415.9521189670469
388.8324379315403
463.04442508924245
388.44232376140354
365.7951583190575
306.15103236281914
322.5712686875545
368.15345554032587
242.62741619571983
255.33719372867543
241.35189168300917
328.89213833312056
312.5652508186802
349.9816589113709
295.5014075153138
289.9939468988228
334.82236919884105
345.0574759113019
331.955525298906
309.37919721918206
347.1172954284946
335.09318254588186
309.1635732181419
264.1103478247711
299.00539000476624
402.79586695307694
432.27214276210196
485.7953040039277
490.1886906801747
679.7564008874606
619.2171382841727
708.901791491121
551.8219831659201
527.6066104245606
608.9139740411609
693.3712014418629
682.9184822782075
587.4337654481515
574.0055125390392
499.8486487007437
447.31182657206784
362.90551096176
390.78206848749863
363.35644695348174
482.7400210289013
499.85372219027573
599.4931210961582
671.7834220762393
637.571864942068
494.8233598029268
619.6962880279093
549.7864059610781
527.6958098614225
591.4877658845137
630.0032637955401
613.5756098522087
553.4294874025226
477.16571907661046
435.645962119449
449.1410360996264
485.6586204376605
419.24224365188286
385.0006027996748
345.3049017768714
372.2780606803288
291.41942427538146
315.9622201651272
238.10398737674754
249.57201230003065
239.78579404690237
259.4904758485394
323.8623727219168
251.37001073518232
328.3513256708231
354.4118836809963
237.27706287388895
224.3194159059753
287.34072306829336
325.8756119111613
360.2897972576768
307.96501843083195
335.84016588071216
301.9165485849448
368.74704718939927
340.78783537639026
419.7102952247614
588.6563106419027
502.3188613393738
641.4777505641264
760.2284650396871
737.446468135108
666.6515529220067
690.1075810478541
648.1262450598259
621.5883146182207
648.6708998286535
632.1369097263752
591.1049015218177
503.2059099243534
474.8795296130911
408.95501613745057
529.0456113631949
519.2921062584492
525.7199728655901
532.332103885952
517.4848244628098
551.2266678667581
634.0935507881311
626.5443111953696
620.0694575060451
534.9806350111146
497.60493053136247
481.8961334203663
554.5742764840154
475.8195330049305
504.9207316878473
490.78782201080594
461.45308908972856
525.8914906937756
385.83493558972236
447.9189048187364
415.23983750622017
453.01738398973464
371.43261075323886
351.7327836677739
348.66159152668024
268.371576576943
232.23562935019652
221.99736224002484
330.5717562676073
279.78333498396745
284.0855712512465
226.74034315096725
292.4488559702894
251.55219429598574
229.16734480102866
304.45523047931175
261.09843974806455
302.71202771237625
317.08001332720386
332.3941787359921
340.5685578627065
382.4211353818794
371.5638053440476
360.104727908233
448.0697445064253
393.00362863713224
581.7762944246091
605.3165231615737
552.1931254310715
554.4848031429606
550.544891712711
515.9140077776805
551.7066920080011
560.1724596618562
669.0966372531831
489.26533515720536
492.00188608939936
466.25924538248404
554.0151594494098
456.5232364253734
548.8919720911039
499.9212569900169
572.1155319967044
519.6917513795797
430.23673340635736
453.97496347959174
642.7947715738976
619.2214728193117
709.2343444088938
493.0644767628672
524.2307500077011
460.89509156721005
472.80084343250735
408.1523065040575
490.8744046189702
504.49342146698797
484.3003392962512
415.1620184725196
439.2188683515024
473.13655660168473
538.6841464611724
513.7358896336615
385.62500205937164
343.9853777743294
275.8405551353641
254.70614293239308
223.91074217258893
271.7135808747511
328.2245901062544
351.60760666312626
317.79373809788143
325.39134617205536
325.4914682201895
278.4001591167079
311.7262036091296
308.22726985289137
292.41221442427724
302.8450231775394
328.10904257141505
339.85399537055395
388.269291834102
439.8260465537887
373.9068117785793
326.9792620242155
409.7809034351542
402.9394947184876
449.11101202492915
565.2349299812885
584.7629199224864
437.4652832160269
425.1191361521472
427.48553433866033
399.4265106627029
432.43103196867025
536.6254687181416
521.4070903064209
462.57839717817876
471.7787850588567
519.2052359559755
575.248430193515
621.3425250478807
530.8451451549806
580.2755053596122
537.60565063097
526.6853966605133
555.3440324558112
690.876098386124
672.4585675587641
683.3703823036891
547.8135544767756
525.8541274307075
491.2781429547221
455.7687255302696
532.4174435619968
516.0704050142417
500.81441333863546
495.95973797862763
405.2484213047779
394.9895603270173
468.4877012500658
516.4612440380325
536.6104434153731
468.96395008426316
334.27554904689475
251.2108182629211
217.75639851823118
268.61590586459323
266.31305093185625
296.7157322531262
253.6998816222793
294.3753930583929
274.0362782511201
289.00006123551367
263.997596780311
318.03486018650716
336.5498228210367
339.57327302490916
358.94605048680495
326.8997339917173
327.9770052560724
343.3501596348906
376.77485218903394
291.9188200243229
342.2936690365268
385.90597434028086
444.42343926713716
391.4892944101943
430.93977622322126
466.5285878618475
413.00355265737335
393.7048157876598
336.275125230634
466.0326285396935
449.16681753501865
556.6723910426679
534.679071206429
540.6928106908264
572.7392201826233
587.113114157985
734.3222757266816
656.679778418923
568.2885782491414
532.4960874261175
659.0652214901332
565.1265283177701
635.5599999871831
776.8676490376754
647.7497930813354
598.5894674750891
681.8055500765367
608.1450970752712
600.8858601842301
588.6274671893517
515.2795144835047
468.2498401749717
483.49839725172205
467.89139171479883
516.6243165924235
441.8570219518969
442.67200465316387
449.83812687736133
454.8946028364142
405.8767065362736
366.4631791085149
245.89915183773684
347.04744510171446
223.53801744203975
260.0132262723635
208.42254804088793
234.40127567792143
278.0622473619089
282.4081881318741
252.44123778803782
302.8136500582941
318.5147548503649
312.30521099100946
370.648880229965
355.3502774314817
342.1258664802688
388.2714661482242
428.3086369187693
336.266533510944
416.52870758252783
377.8357963312664
388.6517506093765
491.67240439812264
373.46095090844824
320.76239610577113
442.321215483903
351.70373173970415
344.2755313499041
448.55867593563056
441.19499797658705
496.3117214573125
464.55669185038244
491.80802634866285
632.6814139810932
636.0317605086824
465.20573565153245
629.476486420729
697.1771227014484
642.5810778409012
587.5509701751412
525.4824799554771
551.36848916805
588.3988298340303
621.6274759156095
775.0181899646204
733.2153856554849
643.3867365712224
847.0697154986497
598.9247714532265
556.331338885399
543.8610818507517
519.7796126964187
530.4304252150796
556.7421464633512
512.1345072448412
443.73784550356504
449.2337933004323
521.9895664295356
464.2394151125849
498.1759859298283
346.66042552084775
258.5214062505882
233.70087835262805
214.35060167186612
192.89393919425177
209.87119806534355
224.21972808286503
269.1626920656199
264.95288030332847
261.1724716492593
257.8490922414547
274.09766925298396
383.4829458246056
350.4551716476164
382.0686100729933
374.2541641907398
374.9231981268737
392.27809724101303
373.2949844045578
340.4522395116462
388.66372126764225
429.1384310597605
322.2851942579471
347.2044154447091
308.1836895981306
390.14784420764124
381.24442314567085
373.037947353023
516.4402761371757
482.1333328657592
448.2921767126101
497.0945502725515
624.1411220929601
557.4827159090759
525.2928938107226
426.7503364180185
602.3556189199651
604.9670537884417
542.9130075450219
579.0136196454187
637.6388135026252
532.8749333451354
644.9243351051952
688.1153611724359
649.9230686747032
691.3405231534845
711.5317211345694
649.5614871063887
517.0441668656035
567.4571841059571
565.7913100195213
524.8046247522167
438.4240531979654
487.2380925411078
496.2366847979428
496.2577008665562
560.654190926616
432.2367411233264
324.86720538009104
333.80473624578275
327.9712657087015
350.0012584330517
297.860810937547
223.4527539534303
239.3238127517268
216.05586316280147
271.17964555870725
248.38861110635676
262.65200996308846
204.22278882134583
246.6162537615528
311.52867856221076
294.5588460679472
280.64934289016867
341.9667636396873
351.78215282836135
318.20254054958895
269.76062724304194
317.7221154614886
346.36559494387836
345.31166981927277
347.6672346388082
340.530773877317
306.3556555269635
351.3152083620115
445.6102985530204
366.96066042257337
399.6751091708592
339.9100249197995
438.52257815158276
467.1753177686565
497.99015113911383
427.82905004014134
506.3054787141629
452.93208884711885
449.48921037119936
435.1849660399173
519.8265509146738
523.1035568951114
565.6604293401547
523.0678562956501
636.4348142827682
586.3902361856069
726.1361269976965
767.9007553555749
858.8677911907065
756.425085072302
614.4223142867252
572.9758103330619
569.5318741626629
510.067311325215
476.99556826684875
368.7112988961006
429.71212167239685
399.37983441099755
464.2873503068073
465.37689305958816
430.378455211262
403.0070179245919
400.85226180693115
365.7467668207802
399.03818337785845
318.58900929374
252.9064101665967
240.49685198483448
284.2536575732708
260.3948154005322
296.17775567216387
258.0639700194613
200.98082389491788
241.98119100106692
308.92582514278774
276.9840712441127
300.2160403548724
347.29921518970195
332.49028778495824
323.46237462832113
376.75915984323564
332.2533233162285
331.98736136029686
356.2629742973564
374.6296357744859
360.4204620262533
358.4977020081415
343.26725058300985
449.2937026211343
429.6295604205437
444.3938860910799
473.2249940883393
410.2858492234555
465.44205038552286
537.4585280990296
487.4847461501738
529.4103288043437
574.1461611183583
371.5570429443282
549.5086141154179
545.0543693703045
605.7361528970342
529.9991485312153
615.8820697533831
661.8066872001503
698.47158650805
613.7495831971582
760.0714940694675
671.4519787478125
590.7884495846213
613.0132189136284
557.9853736829245
633.4436211601729
592.7540159271504
452.56588284988106
447.6541958072276
447.4870505599424
353.5339958430753
459.40921553928445
488.26886158055964
482.9196578685962
372.0597464077699
378.5927162697662
328.6945499788965
282.95432815272716
270.066709310067
295.1370574584491
264.334144053702
271.33534735739926
290.80533749123975
256.74772807842646
222.91298644495157
267.5041285369627
261.2757857908213
256.11229483519213
282.51891384244317
302.60111921227195
346.30728920399287
374.21814396093805
385.2714111718293
343.8451463281709
328.889951207673
390.91072534904254
383.4718058068389
416.0361581026278
434.76569335208586
397.0090792210026
453.9541492046874
544.6098681108851
512.111026415986
477.0319644172029
506.7135734172377
563.4649325253123
377.90271697644494
548.0413827149353
685.5263929419498
668.0436395029121
509.7726540714114
446.8545946124473
628.9721631514108
594.7948165868331
555.6716431936733
626.2921778553521
752.1430259893484
671.7222925662655
657.841486284168
771.14621584543
663.1236675390197
683.2938491068104
668.7782230424449
623.2090398579286
696.779496586581
638.7891939328604
548.2633570140786
487.5731351468715
513.0787540218021
412.93780153115864
481.26742849461976
481.63089852334764
446.97269154194316
458.74144468184824
352.85755550027363
363.8350661585124
313.4546053290044
305.7316021795995
255.84709989244257
287.9458812062829
289.56918515539274
299.5496559580558
228.0695211953488
233.21960023976288
227.30449357028047
278.9209755654605
276.3256330068587
272.69678492643686
322.6106731746048
357.3238094682711
372.56717234300754
395.8029672570439
440.24942883044775
369.55508163166076
384.0962798743663
401.4593146992194
419.38988483657823
417.2555838679866
480.7201297820762
427.54987575314834
477.9730499288474
497.78783394977705
477.8506089188188
479.3818684759515
550.8600311876761
658.9083826319827
628.2065414149815
464.7098814436023
569.1056536899565
635.5132880438689
636.0785105611233
415.3638258671494
645.0642988714325
509.43537266747524
648.4507134369167
558.5195654302821
634.6397404362611
712.7804865426787
613.5219243351221
640.2149632264677
704.5409810137551
676.8955652943199
825.6521013570605
620.683940576207
717.5513406595162
621.0446627253186
505.2589145662879
536.1745172705918
392.67005714458696
396.277651213859
339.2886262472259
436.59585488869993
430.42470186083114
290.817449785783
328.1727839436151
337.2530706455965
303.2635714009963
311.25326883347697
315.5000845599213
338.3371048210559
274.7988842185815
253.04276346558942
231.9383259724677
264.7350461558526
234.6376712871759
258.59108715865335
285.9251890916203
368.131808753562
307.4791715021196
295.75025054220583
331.1200505155132
378.22240665966905
394.0336118802361
356.4928558635081
300.47295502252973
326.8826866151038
352.98231269567816
389.46686847063427
430.2295054899508
352.5294447607663
413.02373250394606
543.9600735756221
567.6844394559582
494.17415720107294
562.4257919761928
614.0740355808682
515.0123083052555
593.6737939024545
681.6051287081995
583.17889980071
644.0265809373419
610.1192927909572
438.3780210891074
613.1526952857671
562.7918533937585
628.2505174120225
697.8289392364532
654.4174823406977
564.144147772684
571.3763217907947
639.650542574999
678.5013710633496
768.2314077985867
680.0038772553503
574.0798510662286
606.5996389187394
541.317861136146
446.5662877037312
518.5714139458565
452.3568457033031
541.5234656305947
425.54459558209794
386.01917716293735
368.7647290342308
372.8660351357029
378.09468361226357
395.41558866106504
324.73022152472294
299.1874350306253
259.12018789754853
336.8977257937022
249.1722688442921
264.3563490543996
234.1733141579511
222.32004770226314
261.4523372076509
350.47994970414595
296.75104352624334
297.57154991939814
361.4109404092447
390.9981486251052
336.2194594915107
401.55713615523763
450.189047454851
334.9115610144698
375.1980800569599
376.4101412141083
363.2139120151394
331.6134223582509
448.4373348010184
505.1489316726595
414.34908333655943
568.0869284175997
557.0662925551654
519.4218935720526
567.0755840237871
535.58033644057
691.9481326564714
606.2770137367423
631.3232415014699
583.2870895209091
698.0390173623355
511.33729962890027
453.41442375692986
425.6870066278192
554.5577781447043
574.1541992208807
578.713768258656
622.0039853289978
517.9392720695971
566.2509191393068
647.9652056978977
612.2755951366763
776.4707710799719
738.1023495413688
642.4011803259332
538.7435396623097
506.55061520550737
513.9200455752795
508.5656437107416
510.5765360144954
445.1387583150889
404.48173723787284
454.1655140524937
377.59083037047935
372.7517319329067
342.78713265264213
295.81836966852205
288.49687384589487
287.114531323566
287.25364329273805
303.23003230474546
225.11300037024984
274.00079285081586
226.16888523530685
286.54531752535405
376.50764406675705
417.94696646923717
364.5537307317629
433.9684562468029
341.54942579418514
420.17019273699225
433.1669198901543
310.97309587604224
303.2021212648971
430.7051503155235
343.21138838388714
351.86268497969706
352.75642337744364
446.0163006969284
486.9360011643329
641.1949212445767
531.3611649398312
654.9353313515126
621.3860205469588
674.6320964589814
662.8776942892216
630.0495707371883
692.1491727886736
875.4293922613251
654.9009481491837
691.4954007763166
468.0756602257688
417.2049696631743
455.1489372481574
467.84603184322714
529.757682941343
626.1606703067783
594.5679456426892
523.0742639161364
541.7005185892389
521.7911958980435
685.5863791256897
1003.7848655998206
708.7132486918879
716.6578284627524
779.4741299952366
503.49782883281733
538.2800695063027
487.9338532270565
704.0947956464198
457.6687183452289
401.757054945564
470.2683550710325
416.6378419853151
272.38676868874603
385.22543177278106
308.91295865011716
257.2181352034447
275.55107455637193
277.1984013046846
213.1170403480876
231.6097863029038
273.5456449792018
242.99454632944614
283.26744876344344
318.63350335561324
365.08235198119735
365.01757386544665
326.17012464919424
332.1000902041171
311.30730709133155
290.28630657279035
342.78017414447834
358.63951589113276
368.58330455422765
354.9357368034905
295.79517841744905
415.46672215291903
432.4531297589977
388.37489602689556
564.8227979461853
600.0242073586289
537.6400853756542
632.8829551051663
703.0260875411301
739.8870208387191
733.7955884654975
943.6293959252461
702.3595834366375
701.4898987936517
728.2307774835506
391.730142211558
392.6420902157509
457.2393062953955
435.64199775923163
478.1577744018097
479.4842274313004
521.0765187650641
481.132524082151
544.3503144562853
532.1944339922084
686.8497061854042
738.8855222870058
698.4178062664547
863.1288632149761
724.4404038056238
749.6121953984142
628.3604708732166
439.8771573098756
518.8108677067663
448.8991714265826
424.86700901923047
393.43634162780495
395.2311643794127
434.09910041309394
339.203136285599
351.8789414112638
322.3559275047485
346.8512105671224
285.8913661424178
261.27029905693075
251.3374604264699
294.0467005111126
270.52459003111295
305.05607128818866
388.41010380698884
349.97479933808035
362.1671515978817
347.3972021187134
360.73697800635966
242.22099211264853
270.69981142496255
303.19384395997224
279.03424047276036
330.1460228255683
256.7010042439142
262.84237029401
326.5770145256979
381.5027083832125
437.60341280854743
525.0759926387539
628.7410583495614
626.2549145793632
836.37577188835
830.899210087895
688.3297424955983
817.7433219385453
846.4206853343069
729.2535669543674
735.922636681785
803.2704847459388
/
