PERMX
3178.285029
2446.060514
2725.630664
2459.982858
5183.966961
5056.071076
6485.687908
6785.449608
5467.869381
3736.868652
2385.073288
3060.647402
2655.611979
2129.248447
3873.486714
12.517564
11.670187
5.735125
5.918044
14.030517
27.394214
40.365021
29.195002
14.692578
39.263461
4981.941223
6043.591548
8505.850866
5351.711396
7700.263839
6627.911019
5877.955923
2967.440750
4205.418237
4534.450712
43.284414
37.922489
38.495378
45.148289
24.406815
1929.147884
2119.433381
2573.306252
2021.462144
1255.768416
1054.187666
1558.744490
1875.226308
1256.124791
1445.285059
967.386202
1450.757573
2540.467039
7.045700
14.253893
12.332284
8.644842
11.550052
8.607792
9.249469
2520.013050
2954.996191
1596.314565
2181.232850
3870.959604
5562.136262
5240.750830
3263.227656
5343.704626
3187.044316
2129.024786
2904.678275
1751.070401
2509.666069
3874.555563
2333.348653
2684.114212
6.642112
6.499486
15.691318
19.401598
25.056024
20.573160
8.936287
23.634493
107.445880
4312.512347
8137.256087
5669.952055
6865.099490
8658.173040
5951.406998
5044.759089
5638.186159
4823.022828
5950.580664
4389.904827
78.597257
48.029193
24.378339
14.384656
8.508036
3107.532883
2765.248877
1794.317870
1540.018053
1496.545621
1121.043249
1927.193390
2132.283049
2292.944717
3100.404423
1915.807484
3402.376115
17.741627
9.360732
11.081134
20.055603
14.112457
24.416691
11.520089
23.688154
14.699862
15.807000
3292.695098
6601.394736
3584.828438
3123.194047
3057.907256
2197.071346
2832.949001
2258.418340
1689.555872
2745.017778
4580.061759
2375.237340
2150.769966
1263.899108
962.887952
2.138212
10.984515
11.350733
11.567070
10.948859
18.787115
27.742275
17.402811
94.386536
2952.961347
4576.866429
3340.038977
4334.157853
5207.096688
5872.599888
5320.199345
4364.901919
4170.171829
4234.740301
3337.994107
44.183561
23.597514
10.490300
11.701386
30.018675
2517.070877
1656.388147
2385.380012
1991.729374
1836.583269
1933.076824
1967.348565
2130.893208
3522.875281
2179.425549
23.502694
9.868583
12.656435
10.648775
10.268966
10.281146
24.486529
12.910439
11.969170
8.162263
34.248030
3765.866865
2518.037537
2495.848253
2828.075372
3005.568581
3224.227118
4120.684179
2620.905827
1960.175878
1682.369824
2587.848167
1131.309656
1495.362504
1195.944947
835.496205
8.307555
3.996938
11.424008
7.901489
12.153985
15.028854
12.077864
23.639446
30.660289
50.261523
6093.049709
3399.048056
3635.745583
3072.932969
2570.346859
2485.538968
5881.931767
5819.412628
2969.216671
36.748491
10.489867
13.985189
29.739889
33.851189
3056.807160
1946.019294
3277.101064
1906.148708
1410.988403
1517.599325
2385.629164
2544.726733
1679.366077
3422.677489
17.912740
14.525250
10.081954
19.119432
10.127707
10.349836
32.944111
14.753892
5.256538
3.476175
5.051362
21.496927
3710.778863
3570.874642
2908.775871
4646.783607
4171.065684
2905.851685
2735.596050
2318.319972
1941.953840
1887.446412
1309.817179
1592.406602
1108.819688
765.365179
972.926969
5.937853
4.929452
6.155303
19.463812
13.164903
11.375428
18.904059
36.999767
22.954660
30.082331
10.115256
2875.513874
2563.433687
2228.991919
2783.658767
3814.212234
7848.671881
3720.532415
3567.879308
4267.176919
27.033052
14.030131
22.719873
20.519060
3143.101081
1992.825110
2277.488679
1488.382259
1933.766670
2008.034894
1915.263951
1452.562960
3053.659862
20.464540
14.223108
2394.711407
1810.103007
1401.725294
1363.637726
17.454671
17.816017
9.020507
5.909053
11.934951
16.246790
22.183070
2733.560454
3269.795632
3354.967427
2325.283744
3210.436832
2179.404496
2101.859071
1653.660394
1497.847226
1765.438780
948.292357
1705.327205
777.267257
942.692667
1630.817564
5.627277
10.580909
12.897160
12.590085
2.646626
10.645912
21.879409
21.229189
22.758779
16.566472
23.003131
2256.842729
3528.929217
2621.405882
5431.976212
4507.505949
4592.868176
3101.231676
3688.581572
25.167460
25.747727
10.604831
14.119987
10.596653
1651.595093
1270.716163
1276.405856
1505.426164
1914.258243
2949.736292
1562.701918
2270.861344
1927.891612
2433.746035
3069.070086
2127.507338
1357.296945
2344.087844
42.961072
15.022181
6.300435
6.681023
16.830020
14.494402
7.328923
21.658418
2935.554168
3504.344095
2505.431787
1934.111101
2951.838414
1821.621569
3235.002842
1473.469303
1215.665293
1409.421875
1999.085106
1512.175911
1912.233403
1836.471284
1761.688890
1912.806101
1687.669880
1292.589942
4.987721
4.004189
5.103964
8.969356
14.745745
11.118272
11.014949
17.526819
24.322762
4314.204996
4894.581168
4532.129860
3325.387346
3582.102526
2093.371806
11.706000
16.577391
11.657613
6.431562
14.242180
10.361676
1257.543710
1270.248281
1315.364264
1730.874395
1934.448587
1980.293327
2526.581834
2002.699399
2384.557851
2528.753350
1925.587278
1515.081837
1524.145985
22.720193
10.669999
8.706099
5.376643
3.815967
11.318933
8.773365
8.903264
19.020343
10.267307
2790.001695
1733.478326
2372.045998
3109.636129
2681.160115
3006.293211
1842.340232
1091.175081
1126.742810
1250.404713
1739.198721
2155.163277
1225.584179
1222.731437
1399.535207
1156.348232
759.895438
1302.129844
6.463685
15.000789
16.624807
17.038791
18.960491
21.903496
16.846524
23.594052
15.888543
2759.698539
3416.440732
3662.066079
2906.925534
23.586992
7.683290
14.078845
13.454294
6.056438
9.338485
1571.415202
955.943114
1812.603971
1626.196678
2896.024788
2749.651991
26.831710
3606.026887
1706.995886
1905.064975
1574.225865
1838.924303
1352.381082
1218.486837
4.360058
5.866469
4.286933
16.697884
9.964576
10.918504
18.704380
21.894513
34.312401
22.452440
2514.836515
3793.035467
2579.523351
3826.006591
3270.922221
1888.096037
1798.351084
1044.419333
1363.975304
1213.436205
1376.208872
2100.187271
2552.150243
2917.032440
1368.809349
1254.472671
2000.775473
1693.589777
3380.325284
18.062199
12.771611
11.896373
26.653288
20.683815
25.815916
18.048721
1978.835293
3188.780783
3827.036922
4953.587279
11.954775
7.134742
16.909359
9.428924
15.465768
7.526771
1505.426164
1951.778728
1429.301678
1692.547189
1967.529109
3709.587223
26.105527
62.924874
2849.252306
1457.790174
1788.087981
1301.964768
1405.190751
1447.328275
8.672808
9.589775
8.085987
16.053790
7.771172
16.850243
11.039559
22.687665
26.175608
26.962551
49.637796
3352.377038
2747.936056
4284.112854
2212.620061
3643.108423
1702.919768
1833.624081
2046.285007
1234.011042
1713.790415
2912.277878
1380.644433
1933.861236
1954.024747
830.948770
1520.359626
2662.407238
2809.724537
3021.756275
27.795062
19.270134
11.957804
11.177384
8.594345
11.741590
2794.698353
3841.013011
2445.199724
2675.390883
16.257959
5.852124
7.318291
20.715045
13.291612
11.364606
8.907701
1912.186070
2083.191313
1933.281067
2840.614737
3301.244111
45.366812
9.631317
10.822624
1502.874429
1278.928195
1037.512631
1139.157078
1104.817101
1073.189079
938.637855
20.403749
18.751049
16.938608
28.102482
39.088134
20.059049
24.792641
39.063295
27.774322
27.474693
4339.307827
2321.597407
1619.260558
1672.516167
898.700263
1237.144018
1351.850484
1531.432634
1378.171074
1614.341014
1424.357187
1599.613936
1150.304446
1528.338481
976.210070
1746.690778
2284.331181
3686.969661
3339.147216
3988.735604
3811.001278
5355.732212
7.235592
6.169913
12.988861
3201.004431
2653.703188
1543.079954
1780.649474
6.213153
11.714128
8.334072
19.872520
14.561905
16.132365
1619.397426
2511.193800
1821.737047
2857.914413
3057.213743
11.516072
8.174261
11.432519
26.776243
9.399084
1127.654702
1755.900883
1137.109467
1644.183328
1449.663166
1747.311999
21.080676
19.776849
13.941493
62.532062
61.873250
41.861383
53.945035
64.055418
42.053484
26.084926
3166.978863
2349.121378
2372.376827
1536.118070
1697.448841
1388.610845
11.797874
19.015181
16.288642
1685.399293
1284.468533
878.991127
560.295027
1104.997207
3090.395323
2612.070933
4135.522919
2827.286674
3421.237545
6227.038680
4463.592859
1884.256244
2852.045495
3731.645072
2934.266015
2538.421854
1741.706866
1887.076113
1212.689203
8.747704
21.407519
16.723090
20.062892
9.958680
1466.290243
2022.732984
2614.008169
2069.541443
1831.933362
15.852607
15.477995
9.078887
13.553950
27.740202
10.639421
9.901342
855.943981
1630.502534
1726.407699
1764.834554
2139.694065
18.764164
25.279891
23.698369
52.930607
54.352494
90.229916
59.672571
79.553642
31.440195
98.133456
3921.425845
2393.378803
2702.520676
3084.856047
3776.059282
2448.668357
11.146156
7.752170
9.679979
5.852526
1204.611558
1532.412983
1269.987569
3077.238381
3071.316030
3249.774551
2972.728630
5131.616856
4530.436498
2864.649633
1946.086262
1866.792934
2667.101642
3068.014132
2423.293835
2165.696802
2443.120608
2093.393291
7.526900
12.893870
14.678827
12.638303
10.215623
8.683468
1204.480660
2683.811203
1737.103144
1319.078020
2033.867630
16.100551
22.490073
19.851296
11.842295
15.198092
16.162159
1139.748684
1408.095094
2328.652562
1693.436415
2563.963023
2436.290740
23.784986
30.240867
32.158540
51.860538
96.202089
60.732683
69.145174
80.994775
46.274860
3654.717879
6571.254292
3317.166105
3018.022953
3824.722529
3280.026735
21.348017
6.371679
12.492697
5.057440
20.792198
18.887730
3490.355874
3152.981063
3481.855222
3709.175166
4392.980239
4688.797705
4135.997321
3581.220294
3360.209593
5187.457732
2739.873585
4316.320440
3647.404241
3523.153908
2168.251821
1603.762264
3263.004059
12.456221
13.379025
7.529875
4.876764
5.599022
1413.000195
2410.273135
2018.904575
2179.566341
2614.734213
28.583241
29.775881
12.705781
13.338758
37.388721
16.246748
1479.343233
1008.943693
1358.190420
1606.514393
2080.857126
2260.912121
3289.782556
3412.497283
2720.028472
44.225634
66.941824
70.494577
39.717268
70.859453
85.504620
41.459897
4525.843807
3123.135595
4042.769912
3815.073552
2472.695801
9.157368
19.743444
17.975027
8.808706
30.097296
35.944226
13.871218
13.108819
28.969219
55.984479
5468.021233
4927.899095
4173.110939
4392.158151
6082.942179
3851.732028
3422.745679
5387.740958
5323.110149
3370.196986
2355.455162
2252.089860
3842.246869
13.487771
7.761232
8.113400
6.276235
5.510180
10.139258
1672.728225
1538.568333
2134.410745
1687.476303
4187.491230
24.202700
7.779253
5.783559
15.319360
20.391554
6.071179
974.808399
978.593995
1633.754202
2349.060396
1950.614881
2648.824468
3021.909886
3101.193856
4222.975803
4525.155305
8301.600733
5584.188143
4490.275121
107.166586
54.866149
2427.477232
2823.324326
4985.792586
5202.615777
2580.227355
48.723404
22.815915
18.052489
10.788586
32.110179
16.681655
10.812801
22.549263
46.755172
52.007219
88.686910
49.752242
41.809850
30.305801
4562.162447
3587.134100
3380.727342
3847.818076
5268.292487
3749.048489
3065.976613
2872.366466
1915.623591
3127.438841
8.688691
7.305666
18.292178
18.401314
4.284503
1051.054692
1991.147471
2107.323882
1705.574314
2478.817977
2267.060081
16.950092
12.356047
16.279718
36.158618
2.232126
5.752839
1152.327118
1649.412872
2874.533193
3403.101287
2274.247426
3080.226246
2574.291401
2990.190158
5251.313282
4389.305903
3580.368541
4714.212759
6294.621029
4335.560595
32.137387
5829.645364
5907.733381
5635.841356
2350.059009
4343.003236
55.971015
18.784226
23.938521
33.779297
31.803308
52.212006
58.687399
84.481048
111.847570
63.545737
50.043233
42.765193
39.963157
19.789798
21.937702
3983.200832
3618.011789
4375.592796
1732.306596
2913.218672
2863.959664
2721.971824
2197.050123
1909.018627
10.345045
6.964407
8.543409
10.264168
1543.284918
1459.146161
1467.831359
1175.018331
1211.613451
1202.076119
2401.613194
17.123541
15.066469
11.172364
6.307799
3.723201
11.188748
19.737492
16.104300
15.139782
4018.834175
3560.657760
3069.179593
2640.981041
4369.996084
3657.443847
4731.680132
3774.409143
5211.820587
5785.289849
4041.396023
5854.793443
8192.118027
6099.085465
4027.879750
9907.968601
5391.421025
27.162588
51.070759
63.700403
47.990427
35.225972
50.886313
79.883707
76.545717
40.931293
79.167795
67.660998
85.666359
131.302497
45.285009
55.967650
41.437253
4288.706210
3272.604336
2835.015819
3018.483785
2194.540662
2692.592873
3298.615144
2027.755782
1856.037265
9.932486
5.417859
1475.543455
1355.585412
1236.740762
1025.506214
1160.852841
1376.674226
2034.378498
1715.322389
40.571997
41.724603
4.285055
5.728085
4.488312
10.988526
22.086268
8.337079
16.875563
58.511723
4887.641904
6286.759506
3327.342735
4689.454482
4744.142838
4314.653009
4655.921262
4468.839975
4067.732194
5031.746654
4662.514650
4215.766851
5826.267629
8080.419611
8760.281555
4970.696056
107.552996
70.808342
51.390602
51.333599
75.815422
86.107545
160.451955
51.093664
60.553485
31.385688
75.880575
82.904499
39.373600
67.819271
17.307920
23.326371
2875.050395
3034.912716
3106.982487
3730.795832
1760.108067
1317.128384
1269.972234
1609.883441
1476.104778
6.212726
9.118200
1547.801025
2269.989573
1211.671971
1574.530021
1577.393871
1881.479210
2291.404503
2755.604651
53.708763
4.282516
5.154722
6.584169
8.380088
8.321053
12.729739
19.828442
25.893159
77.473811
2610.861678
3054.648911
3384.284677
3944.440881
3987.329525
3086.387320
4616.977148
5560.924159
5365.940013
5262.853304
3566.083313
4189.582480
6207.632833
6959.830043
4946.585263
8673.292668
90.346252
61.907275
42.625167
41.681115
78.165003
58.487602
28.292889
47.867285
44.450611
75.183100
62.464418
122.419332
85.915447
20.814700
34.959915
4586.032714
5682.758558
3059.780544
3118.944281
3642.598191
2266.810995
1635.994720
1406.115754
1532.746074
2030.403013
1393.860349
1475.285139
1903.470409
1262.854168
1134.962752
1549.858167
1807.043565
1517.122970
2877.948798
26.376173
9.201129
7.454320
10.051421
9.555223
10.146393
10.501750
17.414415
9.777781
27.073232
22.716006
29.640526
5180.425370
6084.741929
5359.199519
6715.069978
4287.316039
3808.938027
4688.285369
6247.598924
5784.245622
4121.022527
5148.324045
6057.874653
10365.466468
5660.409691
3203.407070
34.663604
49.358235
106.832943
100.482665
49.551527
46.515894
16.404824
91.302747
64.554768
69.680610
83.068456
29.743773
41.564235
47.635940
46.207334
9394.695904
5645.032162
4208.514307
2066.196923
1956.546192
1368.330131
1703.536736
1155.692190
732.114659
1162.641344
1113.912248
870.772602
1578.012994
1124.473094
1523.152533
1974.518889
3945.512635
3144.172439
16.416228
7.565859
6.016304
26.388660
10.947975
5.555855
12.959740
25.338133
20.532453
18.789391
24.796837
41.111355
79.655529
56.663274
29.504697
42.349436
28.460250
6050.016599
4197.491623
4732.988648
4074.995517
6143.839840
4072.457412
9376.054206
14045.182492
4417.647887
5508.597205
2345.451059
6294.583027
77.614359
76.225515
66.928024
37.008763
40.247960
47.729492
65.595597
37.405811
59.258816
33.034594
31.932598
39.198758
44.802055
47.559605
28.863826
39.544092
22.148406
25.514676
1331.005325
828.404225
911.948779
1107.454911
737.090675
1254.889285
1329.816588
1670.316387
1174.840997
1476.844626
2196.547471
3611.715630
3387.307878
2101.824810
6.213153
12.131809
24.865391
11.249743
13.906210
11.669295
15.220472
12.869316
14.289850
22.012879
35.387289
50.736124
88.503501
71.454183
20.922835
41.788809
31.599128
5718.537473
3850.797338
4507.663786
3796.059399
6650.517526
8164.123429
7356.756431
6986.056629
4496.134451
3527.091077
4538.876759
6075.711822
71.157113
44.286079
55.652678
68.189627
57.133456
63.215806
45.093871
57.659026
55.776154
32.002896
57.986847
36.110693
26.879047
54.120016
28.997950
47.767883
11.515923
10.598410
2.715063
1537.584046
915.202904
1644.282594
1122.533199
1350.243637
1695.676880
1489.541868
2290.595372
2397.762423
26.619265
3485.647331
2134.369510
5.393759
6.866983
10.674482
19.610759
14.219296
9.149112
10.504114
7.700667
20.207313
33.176754
22.897181
96.970365
43.332963
35.250430
28.583487
53.164369
20.893090
21.189778
2834.312453
4340.489492
5664.351236
4211.411792
8202.164103
6503.057065
5860.911627
3877.253553
4041.193517
5372.711690
4172.196495
11715.312702
114.874853
50.260358
92.615589
139.026103
101.047883
53.521318
47.732813
42.755386
35.718707
43.095612
77.088780
29.969773
47.219007
41.021437
11.684963
5.578714
17.300904
15.508206
19.646859
1557.493395
1367.058539
1732.432100
1197.476609
1291.872204
1509.758565
1389.994791
2052.862892
16.973171
22.673357
2365.087820
5.263089
8.601287
9.183915
9.197573
7.444594
11.146061
17.590257
13.265492
31.368223
22.212568
28.767761
28.300764
53.639143
14.395163
46.349133
18.373326
19.843913
24.334946
17.865871
66.993021
5982.423308
6125.210962
5501.710726
5616.958619
4382.765460
3929.220147
2692.180007
4817.726313
7112.622265
5605.785931
7427.177371
7111.763505
8064.629240
8781.303225
7218.652149
4649.314742
8403.206710
4763.055187
6165.353575
6440.231651
3092.525804
77.719770
57.210560
42.178296
18.076401
19.142915
29.671911
10.995976
17.963651
13.748169
1733.227174
1312.136178
1023.978122
1875.151590
1605.932564
1090.588935
2387.012215
2782.591816
2460.141774
2747.279173
1772.275471
1449.444383
9.781612
11.987743
20.148711
20.732706
9.254158
14.016929
25.462676
16.050260
48.772313
36.836320
33.866458
32.103201
14.910270
22.213647
19.001057
41.869762
48.583438
78.051613
61.003522
22.896971
26.439985
3580.500398
3118.281919
2695.828097
3230.269778
2710.317780
4686.559126
7228.115358
5099.430056
9159.143353
9127.072713
12313.818227
7775.099408
5044.113455
7929.017615
4902.796973
5113.728825
5733.121779
4681.022461
2805.337949
34.599526
21.256655
18.595171
35.319263
19.040924
23.498822
14.514474
17.621487
21.160244
974.749549
1350.039859
2092.531536
2121.589242
2675.550792
2081.818388
1682.806626
1837.198749
2287.501181
2588.934224
1668.895135
1224.918438
14.074625
11.465662
17.779799
16.534612
12.895875
31.618351
43.783041
44.073973
63.301118
53.940865
54.113043
58.161947
31.729823
30.345109
27.398144
22.172796
37.323164
17.833135
28.977457
59.766449
25.002768
12.929262
2182.523757
1595.852041
2084.829445
2745.094012
3725.490774
6039.068904
6715.029438
5045.480958
5143.785019
4894.504339
4577.076434
4831.340189
6266.070388
11622.813810
7119.710989
4825.326590
5836.512419
2534.417515
20.586475
16.185736
5.260151
6.773132
12.394252
8.575614
10.877136
10.093574
8.037719
1947.223896
2194.094217
1872.602763
2150.270113
2329.764865
2909.271132
2697.967526
3988.203450
1741.444009
2707.403492
2569.755699
1469.178947
2718.825046
14.242290
31.620714
11.734724
6.291241
63.899890
38.366333
70.888675
65.154204
56.699791
85.088448
28.871166
66.243380
42.113999
35.015455
10.095673
12.974710
48.420410
30.216848
11.065078
17.716758
10.609787
1965.730349
2824.355741
2423.835206
2443.951157
2328.542907
4061.165818
4402.570240
4788.517146
4577.576617
6964.663806
6750.881272
7046.587530
9570.963803
4034.238863
5710.998918
4393.603537
2583.768978
20.901810
5.340143
7.148791
7.137562
8.400051
3.967009
4.689311
7.558389
9.903188
7.526965
1196.724983
2325.351128
2717.456447
1837.792246
3206.114227
5358.795100
3199.995234
1835.081474
2025.259943
2398.458812
3079.827759
2720.820101
2756.167013
26.648297
18.398738
22.726945
35.677739
58.622403
50.358112
54.298362
34.799201
57.847545
56.356489
56.448543
44.391428
43.150435
38.534483
26.868520
26.881217
29.772684
23.311472
8.477251
6.973866
10.298753
4763.138579
2910.569398
1864.523356
2650.102503
3722.021926
58.369154
55.603460
34.678496
27.781647
107.054336
10565.879124
7477.432481
4752.591003
6135.462808
3717.353194
2782.988304
2119.071299
2111.564706
12.056293
4.405272
3.002660
1.184500
1.756885
4.224459
19.589444
16.095006
23.791086
2425.012005
2699.101428
2206.912836
3538.050994
3054.068977
2853.440532
22.490461
1801.682944
2079.441799
2750.877366
2810.002744
3128.056124
20.537702
34.319062
28.561594
51.953772
35.103063
24.463340
16.985569
44.540393
30.839349
33.129878
49.235389
29.973995
63.665392
34.560792
28.411910
45.022963
16.099182
12.729104
4.448584
20.003230
13.889377
14.327387
3213.051580
2903.251177
2310.337692
2494.411178
5719.300507
80.652498
37.144758
53.342774
63.998219
31.195496
6069.149559
6758.874305
4298.328071
3706.784347
1985.437273
1491.611629
2355.890348
2651.347540
5.238507
2.553282
1.927989
1.561107
4.099764
12.194602
33.385622
20.977661
40.877604
41.308281
2443.803614
3846.923818
5798.668424
2563.138112
6.536888
8.962271
3054.130008
2326.474495
2411.393852
3645.396549
3875.844654
2135.173729
24.633872
26.769344
29.476958
26.541771
13.554276
17.782090
22.856230
54.319822
57.327149
60.769734
50.801060
75.736010
48.092193
31.606485
10.011567
20.625597
28.589454
23.072703
11.368200
5.362529
1333.756336
1939.335286
2173.521803
3235.945911
5467.674621
4999.603684
80.498841
59.875902
41.345876
28.749480
6567.446863
6303.405640
6442.603841
3816.755295
3081.421832
3914.341718
2875.425339
1685.083893
1258.873027
563.055266
801.731191
3.466126
4.149151
5.378260
23.700437
16.120964
18.368040
10.380402
18.613693
23.320125
3945.869951
5572.350569
9.935951
8.853691
11.919941
2919.125354
3017.684253
3417.119390
3499.997007
3710.301713
3705.775204
4067.695357
9.165316
14.971888
11.938048
13.134811
29.993415
41.424405
84.823541
30.019500
41.286074
57.666456
106.135942
20.422985
16.773386
9.102313
11.896087
11.535755
9.570305
6.587281
5.523544
2174.581011
2454.997814
5707.097269
4790.951936
4410.210452
11879.337143
126.212122
28.653574
41.345520
78.995929
4596.776745
4708.799777
5457.767512
4145.934811
2826.673964
2722.964569
1758.220806
1079.505274
951.883027
727.058101
878.153072
728.662007
1202.279339
9.471054
21.053354
19.534848
13.850191
22.002835
18.354113
100.576792
65.825895
16.462872
9.464076
20.519598
11.672573
1794.058986
4267.411359
3978.439866
4639.666223
5444.067723
4483.627535
2665.327800
2933.107692
2742.362521
2620.339423
19.504667
62.537434
42.066599
49.842756
41.989268
36.095434
60.066508
18.005703
22.006326
14.487095
11.626192
6.945111
15.927296
8.340303
7.427794
2136.592159
3841.891979
3644.577939
4776.113757
4307.768659
6865.887013
10777.907090
9471.463703
72.752342
51.512409
41.208125
61.146223
103.737403
5360.616844
3299.240519
3579.147472
5220.184391
2010.352932
1467.459217
788.144908
1029.538415
1095.670527
1046.508509
2638.061674
1574.815222
2242.172794
33.169203
53.006136
174.983816
36.745177
94.487938
19.393650
33.426054
24.645068
38.290378
16.686585
2229.928720
5130.315828
5472.162471
6554.217366
6061.898998
2793.301680
2793.092576
3297.459309
3343.170192
25.872126
36.191899
24.522187
75.666431
42.278667
30.178690
33.355093
44.427630
21.899586
23.080892
7.142776
13.310430
17.828173
7.079492
14.215876
13.599094
2213.890782
4507.886945
5482.039446
5802.765798
4910.229074
13997.524471
12063.269768
16348.958797
154.613534
118.996810
35.931507
64.797551
6033.165389
4033.072396
2913.545823
3762.378594
2486.427469
1774.441331
1103.803720
862.042626
782.101472
705.387835
1501.804172
1707.604021
2205.181441
3332.204755
4301.848334
5390.685461
25.607532
33.593928
22.875463
25.408293
20.470280
44.754628
27.872265
32.227481
5559.390103
4607.390174
3696.006785
2998.916981
2962.666628
3542.462455
3159.304828
2685.093150
4215.189140
48.984092
25.763966
25.821438
37.057593
22.483795
33.298782
24.181092
40.116900
14.995494
7.383138
12.549400
7.472143
26.598648
9.725243
16.386135
11.727529
34.727891
5929.601576
6461.105726
4642.426103
12071.064966
11269.993511
10981.652243
9755.426053
190.708899
65.413288
27.103993
22.567980
4571.393118
5957.985829
2299.367178
2554.588942
1040.027421
1139.734922
957.947838
1526.116406
2419.200897
2545.206108
2294.668824
2802.037278
3730.473757
3632.570826
4407.998430
2725.512189
2349.606460
8.470263
24.063029
21.209356
22.007210
56.769482
37.657344
24.606738
8.240815
1694.367025
2127.850307
1855.549897
1425.045288
3658.548056
3733.274261
5901.352548
66.706476
19.270482
17.722420
24.532279
28.217114
26.335489
24.576171
34.095070
13.193726
5.076199
9.167600
13.353536
12.809616
11.900779
8.988021
23.436032
39.961132
48.651720
4766.190588
5871.394567
6834.456434
7143.520515
8050.765073
8158.407937
8884.488380
7969.089434
78.962686
28.537486
6604.304732
3752.093983
2505.864424
10.830510
8.890501
1685.735107
865.918147
1269.443313
1548.530063
2563.531188
3055.017213
2695.606762
3993.465493
4662.582207
5169.169074
4025.706373
5031.467186
7.405814
15.500828
23.171785
14.097445
29.487493
52.651719
35.089526
27.840559
11.176223
1052.038699
1574.644095
2448.167258
2608.013394
4516.214306
3966.913173
3039.261922
21.076782
22.871099
16.037939
26.023469
47.099099
29.891947
18.318957
10.541662
6.751233
16.113626
11.075510
8.508475
13.094537
12.062591
15.081178
27.616710
33.988658
66.152966
41.179781
4703.526470
5372.825218
7592.016821
8865.574418
4454.157656
6002.683222
21.640749
61.656251
3880.281375
8582.347552
3720.134864
2959.936646
15.332354
22.247760
7.774577
10.363367
8.359956
30.467398
2296.295796
3565.338478
2636.622303
3040.689790
3658.912518
4000.656588
7284.803854
7.581082
8.778114
11.085838
15.471495
14.957041
34.036603
34.763797
29.799089
8.022475
4.251654
1341.922006
1433.769856
2103.308702
4256.995082
2380.584951
4036.524070
59.338279
52.787124
24.949668
15.461597
15.726523
15.047507
15.677791
11.935064
16.911218
9.316771
10.441294
29.917044
11.963229
17.398341
5.960287
11.195921
15.850510
12.829415
30.073340
4385.894123
5218.448176
7688.000702
5008.304175
7245.197905
4455.679935
6369.586041
41.098362
37.961535
6869.867460
3978.007552
3342.895506
20.200493
22.824264
20.639253
31.555484
12.346010
10.933070
13.370167
1991.026062
3150.104622
2844.560135
3532.676620
4821.188760
4291.861006
7.496509
7.595814
13.402571
7.444018
6.229399
8.989025
10.866229
12.477039
3.796676
4.964596
5.485999
2044.485835
2040.360022
3028.139502
2886.508191
4664.561509
6405.178794
83.037065
24.737798
11.954929
34.828239
32.682737
13.738228
7.475738
25.709227
24.239218
14.913575
12.264177
13.217162
16.342207
4.399486
10.757336
30.908967
17.572844
46.589153
43.023632
4572.251514
9684.363329
7145.849759
4078.404279
4300.425343
4207.833433
80.589477
26.941066
6889.887527
4812.458857
3750.581117
57.064788
66.877451
57.079986
23.823248
17.718721
8.185433
15.748951
13.168579
11.737012
2376.950138
2640.011811
4584.958586
5644.739079
17.107545
13.768839
15.637669
7.415044
5.550989
7.487049
6.627920
11.657783
5.397235
7.702718
8.443965
11.488979
3616.072669
2845.465311
4569.078184
2984.321647
6033.711768
6168.145833
44.455766
32.959113
8.846469
9.777025
7.772106
15.515814
11.909655
11.846996
5.022891
9.892127
12.348853
8.423390
6.474577
6.389052
41.888001
70.137002
54.142800
111.268767
5557.383377
6478.330827
5799.596208
6990.613173
4223.689726
4117.762104
2577.230440
39.879724
9360.387602
4689.661159
3206.192620
60.622705
54.202364
34.936559
22.620649
19.114899
7.970340
12.753172
18.342087
18.089496
24.727983
3240.334558
3245.506354
3170.760203
6.065080
4.810774
5.632645
10.040858
12.630717
8.207471
7.367046
6.519896
5.110676
4.605004
3.446679
14.030240
20.835331
3008.949140
4397.650495
3383.314309
3755.588590
3027.975155
3432.823816
12.076702
13.324833
20.169889
10.480338
12.492751
9.746452
12.815229
15.286129
13.275808
5.112564
5.711331
6.419585
4.814826
27.745945
27.508982
57.891289
60.007201
52.707832
4594.401803
4647.813293
3720.739069
3680.386850
3343.978639
2718.270303
2192.969898
6043.956424
3642.945669
2158.203541
10.326543
17.851543
28.316035
9.386901
15.084987
26.760079
9.490412
52.837481
20.386247
21.282578
40.002277
23.887822
3487.729172
5.171087
4.681704
6.803279
8.034681
17.306210
5.877667
12.014041
4.559189
7.378573
13.489080
4.451145
14.268998
20.336609
3544.419877
7325.068529
3162.583712
3543.202511
2512.972776
2745.733796
16.287565
14.749533
22.832558
4.282700
8.273940
6.575013
5.142029
6.013152
7.499407
17.409898
4.581528
4.860704
6.106221
12.123787
16.639551
19.314465
30.298356
29.335099
3225.618028
2678.480921
3131.153633
2921.133355
1543.750847
2279.982871
2530.422548
4230.608276
2851.792394
2122.211828
4.707958
6.493291
11.666769
16.779871
10.698193
8.853235
14.427869
15.168837
31.878935
52.470487
29.278130
48.418996
63.461730
8.316765
4.134031
7.442803
4.688908
7.048485
6.117981
10.167656
6.797846
4.706583
9.472763
16.604583
12.077542
6.306987
3812.966660
5528.997964
4216.718847
2704.005818
2989.700976
2292.422893
2863.378765
21.071416
8.177492
6.465129
7.992897
8.515494
11.323533
10.287577
3.688757
5.078205
4.304276
3.319125
5.837363
5.235358
14.931726
36.317123
33.629788
32.497579
35.264937
3322.453909
2489.939553
1540.585302
1693.109289
1914.420045
2601.457478
2189.063764
2592.805542
1502.556900
1575.823342
2131.813232
2487.488983
1694.653469
2412.784557
2929.513430
18.770307
34.990740
21.502196
52.908332
43.633535
62.698801
23.817224
1.783097
3.244451
9.704514
4.123604
7.075419
6.026131
6.680277
4.228308
2.560596
12.447878
9.489279
19.744292
24.619614
36.480930
3850.946129
2311.077057
4480.531944
2310.772913
1597.008604
2271.878833
1115.749674
5.158044
4.037138
6.055969
6.799365
5.297424
3.292828
5.105674
9.062602
5.287196
5.598012
5.469389
6.727845
6.685387
30.522880
19.192376
20.706073
26.487086
24.627630
1813.120559
2623.717503
2469.986317
1525.572905
1963.085660
1464.777274
1869.174733
1517.681786
1624.685450
1782.186341
1881.211158
4422.905077
5201.887129
4332.104283
5838.662235
3169.183224
4683.592040
5322.666679
4848.085285
56.771433
31.063906
1177.255023
1245.740610
1416.852744
6.851016
4.697051
26.001527
14.905494
8.110752
8.102674
10.782472
28.098088
14.755489
56.357941
37.204984
3796.018148
3331.930366
1931.581252
2755.488200
1457.200624
1362.674851
1732.986521
1128.867163
5.256041
4.443887
1.602287
2.619777
4.373186
4.628004
9.078029
3.717225
6.030740
2.283578
6.898495
14.290157
7.176663
10.714232
9.528142
4.985536
9.951137
13.570551
1317.136336
1471.131595
1694.295421
2004.346838
1521.387995
2192.174350
1437.479417
1624.332378
5806.950206
3819.657467
4493.814219
4724.332886
6158.768855
4915.502644
4359.753154
4741.957994
4110.147110
4455.357147
4968.289896
4152.166950
843.010172
1050.800904
1727.439857
2301.606016
1988.415765
1879.582089
16.992005
13.278055
8.440846
15.879797
31.777256
32.602934
18.750372
14.514462
18.668055
2897.331136
2550.730027
1881.583715
2029.541457
2348.260677
1720.456180
1246.906884
539.974349
5.767881
4.401527
3.106450
3.523585
5.479547
15.990219
5.726756
2.300491
3.464727
13.736458
18.391643
21.785496
8.644248
9.865879
5.821090
5.158044
9.234385
8.480528
2677.581986
1211.730493
1500.707496
1247.125211
2548.371936
1974.514120
1950.909311
3695.701100
3477.351282
2900.758069
6614.679525
4652.695479
3743.444005
4790.541232
5107.215731
4676.342049
5650.535417
3694.659285
3975.472253
1700.402803
1158.696278
873.146766
1550.681790
2253.165592
2693.158635
2936.312794
2503.490376
16.855817
9.864989
17.557167
20.264694
12.447718
13.717427
34.262390
3574.127100
2628.603935
2166.766587
2589.712715
2306.104158
1235.293110
2046.303538
1378.961734
4.478491
1.952036
4.748410
8.387217
6.069093
5.253965
2.919165
8.642391
7.706888
8.496351
10.386128
20.002096
13.005966
8.718522
7.044974
6.276936
8.368291
5.879080
11.928125
989.901755
1701.922810
1531.238488
2628.957849
1884.759117
3560.496539
2311.781767
3721.046824
4318.963595
4161.846792
3568.402771
4031.173652
4398.667465
4290.925722
7131.756511
6330.177039
7169.660127
3634.108493
1822.095625
1478.905672
1373.270805
1914.772591
2468.401692
4086.365036
4492.433504
1567.587123
3142.936377
4002.470882
19.667966
14.169232
14.400209
18.336306
17.862479
10.159606
3191.254048
2028.653322
2060.662100
2203.983579
3934.929342
2430.502493
1217.891123
5.577996
6.467740
7.950919
6.426481
7.768368
8.236286
3.983331
7.826978
2.826970
8.273158
7.073596
8.013108
6.189395
6.625586
4.751429
6.343172
10.465296
10.315443
8.619334
1828.558807
1470.953974
1343.510839
1863.400289
2448.492443
3087.975468
2869.728355
3229.096172
4019.853336
5147.997698
46.069095
80.858524
93.312731
7626.424814
7697.289162
5369.326405
7755.034978
6233.884566
9.509704
11.599418
1896.680612
1677.228168
1775.906365
2674.728734
4030.443604
2593.334680
4819.061533
3747.747267
3290.525846
13.743339
20.734685
10.870570
15.384109
20.159739
10.422745
2449.823196
3240.131895
4838.114813
3720.345988
2644.516646
2055.068901
1533.171797
14.666791
5.150827
1.571589
3.422075
3.728642
9.461914
4.533181
3.920396
11.346259
14.802613
7.671221
9.464540
3.497110
7.781258
10.151031
18.896770
15.881788
20.844198
26.233976
1667.303963
2342.823014
2444.663913
2216.623095
3008.730977
4403.067302
2980.846381
4359.750522
7808.686981
7369.114021
117.957724
100.973263
139.053573
76.270053
54.143730
43.725010
7301.403225
7.352506
21.010816
12.074378
2674.817550
3080.395475
3459.886635
4193.563036
5711.995438
7815.808801
8475.914208
5861.017780
3680.635716
3494.589717
23.283527
16.752550
17.351909
8.788300
24.578578
3584.798138
4627.919402
4326.356849
2532.189158
1634.809923
1726.334741
7.543794
7.417210
4.008767
1.979917
1.751475
3.053931
5.749776
15.187599
11.219228
11.622417
20.436111
9.981761
6.747175
9.808014
15.873496
17.801362
23.345912
22.768003
7.501469
10.225315
2630.272349
2039.885829
3289.685437
1582.726275
3144.795303
2186.403701
2583.909371
3178.603916
5368.123910
8189.200539
13497.278029
83.941412
44.442135
108.822451
40.721960
57.769086
2.302191
7.773175
16.665585
17.473303
4789.881864
2386.347962
5316.612829
6258.622359
6972.952054
5391.971136
9877.986056
7164.294805
9764.912887
4151.154342
27.629737
8.635490
32.355577
51.790066
68.650994
5778.200492
4197.701961
1843.798988
1677.461078
1950.634900
11.908213
12.368153
3.299737
3.741026
2.650858
2.578518
3.874629
9.401103
9.111544
9.692051
7.672935
8.105180
15.440600
14.269635
15.903754
48.897363
33.871870
20.517613
5.446931
7.323447
2098.673906
2163.629353
3020.638730
2110.131041
4319.680706
3072.982318
3041.206593
3582.803276
6405.526829
7941.761090
6174.926974
6510.638755
46.025229
96.783958
125.850531
95.441539
6.079894
9.730240
7.953515
14.938154
15.596338
54.627250
8170.336171
9198.598774
5944.871322
7632.827411
12267.072091
6387.685410
5557.786006
4369.568706
4030.523903
17.666289
12.177770
19.040875
69.463673
4926.274964
4237.579092
3485.007663
2226.382800
1495.073641
1999.366333
15.100428
3.514486
6.219935
2.822772
4.431802
4.455353
4.167654
4.399486
6.792476
4.305422
8.948347
11.621629
40.388155
37.489254
34.231265
71.698275
26.815304
22.983919
12.436966
10.663750
1747.319384
1724.074585
2530.802968
3420.772843
4210.453368
5169.562303
3300.565551
7215.297215
5087.326892
11733.291420
8005.979676
54.831284
74.030195
85.675926
71.932695
5.336199
19.493562
26.985258
60.183231
40.126447
78.669532
212.008973
120.990225
10465.951256
10566.198072
18391.087048
7840.100011
6176.567489
4095.463706
2004.164126
3008.834153
21.926895
22.045400
38.583339
52.955165
7210.768351
3117.633249
2384.670143
2149.574408
2662.955403
1292.621157
7.247722
5.473572
4.031662
4.537193
4.951180
10.700417
9.380855
10.707046
13.265412
8.366997
14.337458
50.249781
29.917995
50.033905
48.532884
45.026405
27.188640
14.615026
9.650041
3698.975693
2396.578590
3582.561026
3647.655281
3438.795664
2420.460200
3489.123374
4826.926181
4034.039152
5208.555544
5223.270668
5842.011886
48.370358
80.846717
77.120572
9.418643
29.599130
41.058382
52.308972
42.448318
121.220130
180.406707
60.291894
111.548211
85.426800
9361.404853
13594.595817
8229.941332
4804.733809
2599.008556
3693.211940
18.848556
30.862988
29.827746
39.782416
63.778698
3600.868811
3229.597228
2782.929499
3298.847555
1415.689895
1297.163160
992.924376
3.315135
2.166499
4.970740
6.947915
6.807605
10.859146
24.690414
23.807748
42.997327
36.974000
67.305653
101.718460
76.422202
32.741521
34.821598
19.332009
11.185645
11.240789
5582.880230
5354.429318
3053.712035
3898.154413
5004.933961
6170.492308
4124.910551
8268.688035
7669.550000
6274.398460
7121.946475
6396.252349
42.029576
144.506621
14.160265
44.100862
37.672939
36.434455
73.601559
321.908110
181.866193
72.555751
116.907625
62.911902
16242.314619
18201.650733
14111.648226
4408.102218
4079.276001
3370.889250
4678.462766
24.156677
32.251159
25.867504
77.109973
86.108284
6784.466511
4138.605010
3416.343792
2276.551141
1594.426766
721.365478
757.028979
1286.323229
1427.507966
13.217083
5.428574
18.532693
28.503016
29.018857
20.019509
33.905463
83.867176
172.718388
79.486017
81.521770
68.860661
63.019537
31.292463
11.705327
19.553886
10754.248067
6186.643834
4028.122929
8102.597651
6893.798648
5281.731698
15924.422592
12529.264163
5675.616662
4998.369320
8256.865452
5573.211860
6059.813322
47.147390
32.995712
30.465514
71.365239
63.289700
66.611996
125.078869
87.606427
243.734317
61.346669
106.019308
9041.243746
7424.621952
5292.919944
4792.664549
4981.135221
5580.211419
4133.930323
23.464036
68.382024
65.571936
46.817586
41.841502
3496.028874
2525.944316
1459.278305
1306.579042
1083.082628
705.515604
1010.882565
1303.553510
2644.864718
1126.674788
6.607002
8.454779
17.218574
21.941270
29.813017
67.125510
201.599402
70.812599
124.247886
96.847995
103.921133
118.563174
46.737664
48.868558
51.961538
45.272758
6140.947360
9559.760626
9665.321903
5687.577465
6213.481989
7707.472898
7432.649819
7198.719758
5852.673021
6426.637601
5453.604243
61.847744
38.750775
48.789745
102.183488
73.093735
221.703208
76.073758
115.257370
72.906867
44.741213
40.250864
46.013765
6076.188687
6346.976452
3333.146177
6905.211824
3318.264140
4094.076853
5126.359015
48.147375
33.256219
70.987391
46.669864
44.627290
2196.251769
1772.828729
1422.234773
1168.495960
928.167815
1174.110667
1360.192625
1661.165024
1047.912049
3220.924167
4529.230465
19.339351
34.280612
31.324144
74.817166
133.025845
171.647557
97.193860
144.237507
222.770345
143.178352
113.441207
66.015592
59.910372
36.158121
14.286978
35.657272
10425.464736
13410.611651
8733.086596
8980.749500
6220.350525
8627.700279
4838.894751
5108.319689
4273.031470
68.449020
53.371191
69.725517
107.509583
170.455931
91.754042
126.842506
79.021040
59.207935
34.111592
22.399982
30.517086
2639.256440
2768.822128
4015.370963
7123.236498
5368.282714
5697.915491
6147.847061
5291.185093
38.349134
74.398031
41.228661
59.007886
18.040878
1906.290260
1421.179042
1473.291400
1553.577295
2024.429902
1805.742524
3089.210802
1728.263942
2314.053649
3728.821027
3771.051834
25.650374
25.327275
46.828928
43.953744
71.717370
62.914064
120.284523
195.660450
200.182645
126.303225
144.107470
135.353064
28.195454
47.026209
65.606867
35.250884
152.368190
7724.475742
11221.314552
10647.266412
6869.203892
5434.311655
5840.072380
3214.472212
36.563157
72.848022
92.897648
79.340717
137.544839
68.730061
75.197309
82.738024
38.806238
24.949368
25.158663
18.612254
12.964383
4073.856618
3820.566146
6360.824403
7892.482002
5778.783090
5863.389010
7017.464132
6159.438166
51.187190
48.745423
60.617498
61.447403
12.066788
14.471411
2051.135949
2782.905978
2231.919381
2498.905920
1741.927697
3994.191255
2078.720065
2570.615331
3681.133497
3709.759673
47.132772
39.941228
32.062248
49.509065
70.925221
118.479690
130.900457
109.513573
216.557155
195.210534
116.777147
70.966052
77.860764
56.676417
42.510461
56.154497
31.517450
53.352856
6501.761598
9982.118355
9993.394161
3830.219765
2176.761427
24.500058
60.038136
76.522707
37.433841
72.723601
86.999732
67.972076
60.703996
13.958677
14.528782
13.999276
12.137167
4.806396
19.570724
4982.602965
6205.122386
5268.069850
7581.482135
5286.494581
6568.477824
5781.557341
3974.531530
33.703417
32.208219
48.462312
25.219940
6.907152
4.440910
2348.591024
2941.999865
2957.150264
14.936190
31.032755
8.742520
3822.077245
3134.821170
5069.326981
3779.373133
34.185278
29.802314
41.733027
59.830143
99.522286
264.038435
148.578583
130.740885
60.404903
99.369377
62.055821
26.534225
81.084576
53.347356
47.905128
36.295916
107.393284
70.486099
10736.797168
5393.608780
5481.480146
4638.212692
/
